18.015642 -17.580969 
17.958594 -17.658855 
18.063697 -16.836541 
17.967579 -16.903762 
17.829977 -17.017780 
17.887802 -17.019504 
17.819313 -17.068619 
17.822522 -17.144786 
18.232001 -17.191177 
17.758418 -17.210696 
17.945211 -17.253743 
17.872477 -17.258988 
18.169522 -17.413700 
18.170758 -17.413902 
18.466859 -16.126916 
18.412713 -16.250979 
18.416396 -16.249365 
18.414412 -16.251150 
18.653554 -16.343672 
18.365698 -16.529111 
18.079801 -16.735881 
18.658586 -16.742007 
18.194782 -18.052868 
19.165844 -16.898180 
19.094517 -17.397726 
18.799720 -17.437567 
18.802040 -17.437469 
18.932412 -16.617699 
19.848474 -16.949827 
20.256592 -16.777813 
20.258193 -16.796361 
20.664241 -16.801732 
20.533652 -17.022751 
20.476659 -16.360310 
20.530256 -16.369182 
20.529876 -16.369442 
20.932475 -16.466205 
21.065894 -17.614264 
20.928856 -18.052832 
21.082282 -16.014156 
21.071464 -17.013191 
20.917468 -17.021294 
20.838984 -17.266284 
21.052586 -17.369598 
21.363384 -16.274092 
21.235862 -16.466221 
21.596881 -17.632418 
21.204120 -17.925099 
21.905310 -16.883984 
21.706389 -16.946655 
22.083569 -17.045215 
21.814253 -17.171631 
23.098938 -16.496579 
23.009784 -16.664743 
23.422491 -16.837683 
23.405189 -16.864574 
23.401327 -16.862482 
23.435764 -16.980311 
23.462394 -17.035981 
23.236344 -17.080661 
23.632723 -17.234563 
23.336870 -17.241492 
23.182626 -17.428306 
23.171951 -17.465743 
23.682583 -16.107701 
23.601851 -16.242792 
23.531466 -16.302396 
23.308665 -16.396809 
23.749145 -16.635834 
23.514373 -16.644003 
23.612244 -17.896772 
23.751004 -16.022723 
23.773949 -16.840435 
24.392339 -16.931392 
24.291995 -17.133003 
23.733461 -17.315209 
24.188576 -16.367158 
24.248029 -16.657279 
24.279124 -16.730115 
24.882807 -17.111224 
24.704492 -17.434627 
26.164251 -17.103922 
26.134812 -17.330694 
26.610756 -16.675645 
27.351724 -17.126573 
27.020489 -16.262422 
27.266829 -16.515573 
27.318573 -16.652531 
27.262718 -17.616729 
28.420368 -16.815697 
28.359685 -17.020047 
28.624257 -17.294712 
28.887742 -16.668686 
28.634516 -16.696051 
28.636409 -16.696700 
28.620213 -16.699093 
28.631122 -16.700925 
29.030422 -17.586571 
29.529422 -16.001875 
29.380895 -16.780239 
29.076126 -16.817347 
28.957058 -16.831471 
29.317152 -17.150944 
29.009411 -17.293507 
29.272265 -16.259766 
29.340064 -16.420118 
29.368816 -16.600174 
29.597177 -17.556515 
29.595248 -17.662896 
30.385869 -16.971391 
30.202122 -17.016318 
30.325184 -17.106882 
29.834240 -17.160391 
30.261881 -17.214287 
30.162923 -16.296594 
30.411673 -16.923596 
31.599549 -17.526998 
31.670814 -17.069850 
31.563521 -17.196430 
31.917399 -16.420476 
31.929125 -16.466197 
32.003933 -16.620876 
31.705342 -17.479667 
32.445678 -16.829552 
32.462158 -16.827618 
32.576232 -16.270991 
32.563682 -16.509149 
32.338021 -16.533527 
32.564767 -16.731043 
33.218321 -16.696795 
33.404808 -16.972023 
34.787407 -16.834052 
34.289202 -16.915193 
34.823297 -16.265280 
34.826690 -16.268902 
34.828431 -16.549030 
34.748141 -16.627741 
35.160531 -16.738763 
35.185835 -17.992501 
35.180926 -16.763834 
35.169886 -16.880595 
35.328893 -16.902785 
35.328689 -16.905378 
35.613227 -17.001692 
35.080269 -17.036325 
35.497867 -16.722336 
35.363881 -17.923195 
36.008179 -17.159513 
36.065817 -16.598968 
36.846855 -16.831818 
36.906582 -16.908486 
36.916899 -16.995048 
37.309699 -16.403430 
37.159047 -16.609232 
37.351992 -16.685747 
37.420714 -17.617702 
37.588542 -17.773634 
37.810858 -16.768627 
37.730783 -16.879916 
37.169795 -16.899938 
37.388999 -17.002561 
37.407202 -17.050422 
37.512032 -17.065642 
37.433028 -17.167079 
37.769456 -17.215756 
37.934839 -17.476005 
37.836442 -17.505912 
37.687043 -17.514888 
38.300332 -17.639109 
37.714396 -17.647009 
37.713608 -17.646857 
37.896294 -17.660612 
37.854523 -17.686921 
37.878297 -17.697081 
37.933090 -17.728182 
37.617179 -17.859527 
37.669412 -17.887357 
37.942917 -15.784901 
38.047469 -16.854296 
37.949671 -16.953250 
38.039456 -17.245056 
37.984152 -17.256097 
38.192965 -17.285693 
37.904951 -17.374449 
38.121110 -17.389251 
38.638999 -16.657655 
38.613619 -16.732945 
38.611847 -16.738565 
38.603334 -17.546396 
38.430811 -17.788058 
39.055106 -16.846791 
38.892697 -17.157996 
39.993837 -17.230447 
39.982890 -16.467959 
40.248985 -16.553362 
40.604390 -17.749315 
40.493225 -16.775985 
40.679959 -16.906355 
40.804206 -16.899758 
40.523274 -16.957149 
40.387626 -16.960983 
40.826539 -16.998995 
40.151732 -17.102982 
40.133193 -17.270236 
40.801115 -17.369500 
40.999677 -16.203770 
40.684433 -16.343453 
40.950632 -16.469203 
41.101616 -16.474383 
40.917035 -16.626934 
41.203436 -17.590579 
41.117330 -17.685049 
41.318062 -17.701643 
41.166267 -17.709992 
40.956503 -17.765056 
41.031584 -17.768158 
41.050981 -17.839472 
40.932891 -15.947783 
41.456292 -16.927270 
41.588798 -16.968141 
41.598205 -17.105031 
41.600821 -17.105395 
41.199203 -17.169333 
40.892267 -17.212775 
41.068423 -17.291197 
41.223299 -17.294378 
40.964893 -17.331291 
40.965874 -17.331265 
40.963053 -17.330228 
41.255756 -17.375945 
41.382469 -17.425793 
41.233437 -17.436464 
41.179751 -16.092517 
41.597210 -16.583003 
41.525322 -16.732320 
41.392467 -16.736049 
41.393208 -17.583296 
41.924789 -16.761765 
41.618597 -17.310492 
42.389517 -16.847810 
42.532520 -16.897886 
42.498645 -16.907134 
42.833826 -17.231773 
43.053157 -16.281823 
43.320092 -16.597088 
42.638020 -16.670486 
43.346955 -17.596141 
43.045790 -17.689900 
43.280853 -17.783709 
43.337921 -17.006628 
43.739748 -17.145541 
43.691219 -17.351985 
43.728395 -16.185104 
43.396258 -16.272688 
43.544628 -16.517022 
43.959291 -16.620301 
43.972529 -16.932524 
44.595137 -17.186237 
44.049389 -17.206526 
43.931959 -17.289850 
43.882936 -17.445449 
44.119142 -16.540776 
44.385315 -16.613088 
45.275244 -16.985202 
45.408682 -17.254730 
45.756621 -17.285276 
46.338139 -16.069809 
45.861361 -16.217492 
46.226450 -16.228152 
45.869921 -16.309621 
46.052539 -16.482117 
46.073954 -16.494869 
46.426524 -15.758453 
46.403709 -15.900084 
46.570551 -17.818963 
46.290347 -17.913433 
46.717986 -16.053608 
46.834066 -16.281899 
47.509673 -16.855409 
47.116303 -16.555780 
48.118144 -16.813931 
48.087268 -16.878536 
47.967331 -16.910717 
47.831616 -16.952796 
48.036692 -17.015724 
48.305057 -17.103644 
48.231224 -17.317850 
48.768609 -17.637667 
48.620805 -17.234106 
48.743705 -17.309910 
48.981193 -16.203830 
49.068666 -16.660287 
48.998389 -16.683756 
48.987279 -16.681341 
49.179995 -16.746786 
49.095923 -17.610115 
49.328425 -16.814004 
49.568205 -16.925027 
49.135936 -17.061584 
49.665009 -17.098622 
49.360937 -17.114035 
49.753090 -16.373980 
49.738625 -17.627088 
50.074853 -16.926928 
50.043439 -17.368310 
49.982052 -17.378333 
51.127051 -17.133607 
51.264788 -16.400971 
51.623791 -17.496548 
51.531575 -17.559250 
51.542007 -17.622801 
51.910443 -17.352019 
52.107916 -16.075223 
52.160718 -16.128178 
51.583022 -16.270774 
51.965564 -16.318545 
51.890391 -16.500456 
51.979502 -16.548334 
51.595880 -16.692286 
51.594873 -16.693709 
52.329431 -16.848019 
52.530886 -17.035989 
52.218181 -17.035777 
52.629031 -17.047361 
52.478996 -17.241150 
52.184757 -17.393410 
52.074244 -17.427946 
52.074428 -17.431014 
52.939728 -16.874825 
53.257338 -16.904824 
52.822794 -17.433513 
54.019886 -17.073054 
53.827998 -17.120401 
53.831434 -17.236162 
54.175104 -17.266171 
54.483657 -16.067144 
54.469026 -16.325028 
54.129060 -16.470798 
54.370962 -16.485073 
54.765342 -17.595236 
54.849380 -17.912179 
54.770493 -17.980106 
54.628307 -17.998787 
54.630051 -17.998597 
54.760625 -18.007916 
54.750085 -18.108198 
54.948304 -16.806856 
54.947410 -16.806833 
54.337965 -16.863020 
54.922115 -17.015425 
54.671350 -17.011828 
54.905722 -17.115620 
54.890825 -17.291090 
54.604489 -17.306195 
54.617926 -16.066430 
54.616223 -16.067426 
54.625339 -16.074131 
54.842211 -16.211344 
54.842582 -16.210890 
54.800296 -16.239130 
54.707136 -16.253764 
54.609922 -16.320497 
54.538438 -16.328563 
54.649690 -16.409235 
54.549588 -16.497656 
55.019475 -16.704753 
54.873139 -15.967117 
54.863961 -17.509349 
55.225292 -17.524668 
55.332036 -17.618844 
54.887419 -17.668184 
55.344428 -17.747661 
55.295726 -17.751587 
55.129321 -17.767204 
55.127969 -17.765584 
54.982441 -17.783735 
55.129912 -17.901559 
55.030842 -17.980371 
54.887323 -18.121064 
55.557339 -16.774320 
55.784762 -17.026081 
55.642585 -17.062060 
55.120713 -17.225666 
55.060990 -17.304865 
55.592469 -17.409488 
55.486666 -16.467554 
55.420323 -16.496868 
55.462052 -16.637085 
55.931429 -17.144537 
56.339831 -16.912513 
56.759542 -16.555840 
56.934602 -16.778509 
56.889326 -16.762724 
56.862122 -16.791793 
56.875594 -16.712200 
57.565828 -17.632142 
57.150330 -17.683836 
57.554716 -17.756456 
57.878546 -17.000815 
57.960494 -17.117800 
57.717976 -17.255013 
57.309858 -17.302256 
57.598840 -16.534766 
58.152671 -16.946864 
58.314851 -16.315557 
58.438360 -16.616881 
59.432893 -16.689686 
60.206664 -16.912311 
59.981047 -16.964861 
60.285430 -16.103073 
60.393528 -16.181263 
60.079080 -16.200399 
60.522278 -16.942934 
60.963558 -16.960435 
60.613122 -17.040043 
60.514469 -16.229438 
61.652529 -16.776838 
62.167340 -16.910581 
62.993021 -17.906874 
63.033905 -16.782290 
63.233471 -16.764651 
63.029768 -16.909362 
63.049779 -16.091597 
63.251413 -16.384920 
63.021234 -16.686735 
63.077216 -16.695761 
62.885286 -16.713499 
63.427618 -16.033279 
63.369139 -17.779700 
63.320088 -17.877412 
63.764741 -16.990079 
63.764490 -16.990381 
63.981715 -17.395803 
63.618148 -16.318071 
63.837004 -16.576998 
63.673601 -16.593951 
64.190342 -17.326093 
64.191903 -17.344622 
65.409187 -17.029002 
65.442854 -17.046947 
65.442143 -17.047108 
65.459335 -17.390438 
65.459276 -17.390215 
66.775307 -17.489516 
66.153556 -17.809038 
66.241944 -17.923110 
68.939768 -17.814999 
71.332718 -17.716533 
71.981142 -17.625450 
71.980283 -17.626382 
71.559671 -17.870936 
72.422200 -17.483206 
72.404985 -17.490322 
72.411936 -17.590169 
74.124239 -17.533842 
73.918562 -17.600481 
73.958834 -17.619161 
74.104812 -17.740316 
74.313327 -17.787014 
74.207673 -17.836481 
74.829626 -17.674087 
74.883512 -17.740042 
74.512188 -17.948982 
74.390999 -18.071422 
75.240238 -17.533021 
76.780535 -17.475560 
76.907971 -17.485830 
77.394477 -18.050820 
77.418284 -18.107922 
80.016621 -17.892985 
80.273959 -17.904739 
80.696581 -17.707014 
82.790412 -17.558239 
82.653730 -17.746437 
82.942829 -17.964390 
83.142018 -18.023674 
83.095340 -18.035372 
82.988035 -18.122094 
82.987433 -18.122681 
11.396584 -18.609802 
11.928101 -18.302185 
11.939961 -18.364113 
12.121657 -18.473935 
12.105599 -18.651923 
12.331722 -18.077173 
12.330978 -18.080178 
13.028442 -18.352681 
13.489288 -17.994101 
13.026197 -18.116327 
14.170017 -17.527086 
14.168246 -17.938492 
13.761962 -18.973483 
13.840980 -18.992384 
13.916354 -19.043397 
14.268985 -19.073351 
13.949714 -19.095747 
14.209770 -17.285448 
14.347090 -18.719829 
14.474738 -18.875788 
14.394986 -17.581615 
