17.767483 -50.331766 
18.034472 -50.457502 
17.316530 -50.800465 
17.871845 -49.142433 
17.931704 -49.992806 
18.313551 -50.299581 
18.343950 -49.309904 
19.337139 -49.467615 
18.994881 -50.194295 
19.321189 -48.386298 
19.045841 -48.398779 
21.207479 -50.337421 
21.031365 -50.714234 
21.209909 -50.771001 
21.316775 -50.838947 
21.449335 -49.251075 
21.408811 -50.090728 
21.432006 -50.261797 
22.339266 -48.979449 
22.352671 -48.981523 
22.349405 -48.981340 
22.621483 -49.151161 
21.673620 -49.289393 
21.526589 -50.371533 
21.578259 -50.404264 
22.165619 -49.729967 
22.167689 -49.759446 
22.679799 -49.777147 
22.744231 -49.118051 
22.975086 -49.481240 
22.770346 -49.506015 
24.236562 -49.736131 
24.210452 -50.234379 
24.787165 -48.961310 
24.782614 -49.207062 
24.518692 -50.385608 
24.003281 -50.413571 
23.812305 -50.428890 
23.981942 -50.471393 
24.093114 -50.693441 
24.903008 -48.865393 
24.656168 -48.878560 
25.110344 -49.724827 
24.648496 -49.830718 
25.183963 -50.118974 
25.496719 -49.211487 
25.175280 -49.323090 
25.851862 -49.472318 
25.482732 -50.317939 
24.899286 -50.769260 
26.073931 -49.711433 
25.548865 -50.139553 
25.549261 -50.140202 
25.985376 -48.765103 
26.008794 -49.355781 
26.813981 -49.681361 
26.782844 -49.719470 
27.211473 -49.992615 
28.110869 -49.281957 
28.508107 -48.748245 
28.145719 -49.697166 
28.275514 -49.763976 
28.658785 -49.808118 
27.732271 -49.934699 
29.097775 -49.067339 
28.826943 -49.210277 
28.278062 -49.401489 
28.649414 -49.448560 
28.552168 -49.512874 
28.395666 -49.527993 
28.404061 -49.537577 
28.658205 -49.537748 
28.362995 -49.540636 
28.495073 -49.584656 
28.492666 -50.453910 
28.287381 -50.457414 
28.933954 -48.582756 
29.493467 -49.602286 
30.470407 -49.907791 
31.053833 -49.292054 
30.580815 -49.476250 
31.284354 -50.897472 
31.527111 -49.614401 
31.601407 -50.053596 
31.717075 -48.935021 
32.098095 -49.272572 
31.908958 -50.343562 
32.037666 -48.245690 
32.180929 -48.443172 
32.402596 -48.725530 
32.442569 -48.850462 
33.028373 -49.687737 
32.213028 -50.000039 
33.655421 -49.901146 
34.423674 -48.955652 
34.497861 -48.995797 
34.354593 -49.098243 
34.123288 -49.174950 
34.058830 -49.457077 
33.727734 -49.581754 
34.863430 -50.860254 
34.848483 -48.652543 
34.362555 -49.705678 
34.600071 -50.077390 
34.423693 -50.232865 
35.084627 -49.188163 
35.007496 -49.425969 
35.488177 -48.491688 
35.272639 -48.562031 
35.521510 -48.607995 
35.641225 -48.668271 
35.807665 -48.878167 
35.906968 -49.738557 
36.255217 -49.788568 
35.924982 -49.815695 
35.851366 -49.845025 
37.736940 -49.188983 
37.711194 -49.214219 
37.344419 -49.466779 
36.950741 -49.584713 
37.679205 -50.471583 
37.684128 -50.747884 
37.988084 -50.820887 
37.711852 -49.778867 
38.043324 -50.030178 
38.087910 -49.072814 
38.945840 -49.353638 
38.631399 -49.414855 
38.597113 -49.456823 
38.596237 -49.462600 
38.923009 -48.770858 
38.798101 -50.376851 
38.412882 -50.966606 
38.730954 -49.611020 
39.024507 -49.995268 
39.305365 -49.491595 
40.840619 -50.041056 
40.916202 -49.487440 
40.584553 -49.538979 
40.687468 -50.332766 
41.133731 -50.463810 
41.479712 -50.830660 
41.682509 -50.940099 
41.937916 -49.211305 
41.702475 -49.236990 
42.003263 -49.244554 
41.535242 -49.381851 
42.264163 -49.485300 
42.115511 -48.784811 
41.923440 -50.872841 
42.242358 -49.894710 
42.858623 -49.912219 
42.759651 -49.217885 
43.705266 -49.643175 
43.930966 -49.828564 
44.239912 -49.193489 
44.515871 -49.377803 
44.995898 -50.347552 
44.523165 -50.503057 
44.819470 -50.606811 
44.683970 -49.602434 
45.209223 -49.600482 
45.235200 -49.756620 
44.862955 -49.880326 
44.644638 -49.091851 
45.107132 -49.215443 
44.642269 -49.223644 
45.626693 -49.247330 
45.597634 -49.407809 
44.995476 -48.330692 
45.859872 -50.458392 
45.852928 -50.472198 
45.321034 -50.649270 
45.534798 -50.717105 
45.424836 -50.725294 
45.450691 -50.752930 
45.848363 -49.775863 
46.445714 -49.779764 
46.179208 -50.010466 
45.923128 -49.152799 
46.965205 -49.691421 
47.723416 -49.033529 
48.009037 -50.331692 
47.886046 -50.380447 
48.019858 -50.460732 
48.365827 -50.801439 
48.220206 -50.888714 
47.980313 -49.630471 
48.088815 -49.638992 
48.050866 -49.649873 
47.746393 -50.015491 
48.560508 -50.288107 
48.206589 -50.297888 
47.997364 -50.304028 
47.877336 -49.052426 
48.129863 -49.378470 
48.196689 -49.573563 
49.146613 -50.472389 
49.102828 -50.540874 
48.505039 -50.678453 
49.249309 -49.068671 
49.479547 -49.334358 
49.118483 -49.401407 
49.839400 -49.594262 
49.840967 -49.587846 
49.831267 -49.593678 
49.839699 -49.588329 
49.192510 -49.593822 
50.620538 -49.144171 
50.805912 -49.528252 
51.540974 -50.009918 
51.827621 -50.139767 
51.485891 -48.955895 
51.877065 -49.418669 
51.394204 -48.431643 
51.418944 -48.718077 
51.641392 -48.754422 
52.184230 -48.817121 
52.657331 -50.315885 
52.489512 -50.356491 
52.043204 -49.795081 
52.318078 -49.824531 
52.469134 -50.137640 
52.287913 -48.974931 
52.761728 -49.380507 
52.816628 -49.552344 
53.807986 -49.929615 
53.634221 -49.597733 
53.684040 -49.590018 
54.490085 -48.425835 
55.086927 -50.533073 
54.847925 -50.826195 
55.429123 -49.496234 
54.427145 -50.038886 
54.761468 -48.259049 
55.086434 -48.727807 
55.380389 -48.750536 
54.674979 -48.762172 
55.243852 -51.091022 
56.262382 -49.892945 
55.716587 -50.116986 
55.278843 -50.917531 
55.870467 -49.509901 
57.501974 -48.921894 
57.536631 -48.997805 
57.636277 -49.242160 
57.064077 -49.385121 
57.475247 -49.527310 
56.879158 -49.693805 
57.462544 -50.007467 
58.201127 -49.066759 
58.013945 -49.171877 
58.264374 -49.402388 
58.573974 -49.539525 
58.574940 -49.539840 
57.618982 -50.311622 
57.613572 -50.324716 
57.609227 -50.321312 
57.612107 -50.322357 
57.610718 -50.320076 
57.611877 -50.317562 
58.144311 -50.436694 
57.966653 -50.533124 
57.895295 -48.360725 
58.338108 -48.533273 
58.461830 -48.856660 
59.162693 -50.053637 
58.737890 -50.246524 
58.997556 -50.520978 
58.811470 -51.010679 
59.266240 -49.318269 
59.329631 -49.375299 
60.509338 -49.156649 
60.793955 -48.578148 
60.791120 -48.708238 
60.664533 -48.771001 
60.916232 -50.110239 
60.914748 -50.117463 
61.888036 -50.307457 
61.453509 -50.462740 
61.585903 -49.548100 
62.100989 -48.888756 
62.352480 -49.694281 
62.726421 -50.410296 
62.532406 -50.584466 
62.577427 -50.727176 
63.705563 -49.286951 
63.883987 -49.600038 
63.835417 -49.624225 
63.618668 -49.737141 
64.301351 -48.154669 
63.964571 -48.689366 
64.837145 -48.846291 
64.278882 -48.916946 
64.734497 -49.115047 
64.753943 -49.396150 
64.638144 -49.622971 
64.280096 -49.625980 
64.534408 -49.906850 
64.285553 -49.909054 
65.085129 -50.251688 
65.068950 -50.522524 
64.904408 -50.548580 
64.985175 -50.754274 
65.550256 -49.215876 
65.943859 -49.408491 
65.453397 -49.493317 
65.910250 -49.544401 
65.724227 -49.895643 
66.393030 -49.994007 
66.240427 -50.089718 
65.679109 -50.515676 
66.028942 -50.636464 
65.960283 -50.751133 
65.590025 -50.983204 
65.589136 -50.982867 
67.360063 -48.478567 
67.111001 -49.484787 
66.962586 -49.867172 
67.671032 -48.296782 
67.637010 -48.464850 
67.722052 -48.783554 
68.069516 -49.287340 
68.281126 -49.533991 
68.586939 -49.608678 
68.506106 -49.649390 
68.063806 -49.654328 
67.997135 -49.709046 
67.691855 -49.760785 
67.811434 -49.899844 
68.198884 -49.967955 
68.631382 -50.106298 
68.642962 -50.165703 
67.617494 -50.208839 
68.052926 -50.300538 
68.644825 -49.228870 
69.023938 -49.453748 
69.215156 -49.559060 
69.408572 -49.695559 
68.701823 -49.857566 
69.708531 -49.968110 
69.538309 -50.091501 
69.587906 -50.336985 
69.023030 -50.501171 
69.040235 -50.508804 
69.364480 -50.768107 
69.340252 -50.817197 
70.325953 -49.068186 
70.233251 -49.235201 
71.262935 -49.087971 
71.462946 -49.395347 
71.275571 -49.614862 
70.964138 -49.724104 
71.845970 -49.757706 
70.978840 -49.890900 
70.991849 -50.096715 
71.881657 -50.756219 
71.956062 -48.896629 
72.379436 -49.229542 
72.532682 -49.299316 
72.374903 -49.288649 
72.528912 -49.298902 
72.533129 -49.301763 
72.592266 -49.435647 
71.958952 -49.486746 
72.239033 -49.670585 
72.238722 -49.671863 
72.481129 -49.733769 
72.504846 -50.242523 
72.688216 -50.310752 
72.219183 -50.592466 
72.571343 -51.054713 
73.832144 -48.592204 
73.604176 -49.454266 
73.759816 -49.469379 
73.797841 -49.810572 
74.091716 -50.038446 
74.403225 -48.832767 
74.657892 -49.153022 
76.146805 -49.515746 
75.908966 -49.614017 
76.191723 -49.725443 
75.588891 -49.814926 
76.216636 -50.233711 
75.649612 -50.764985 
76.963651 -49.282072 
76.963394 -49.281810 
76.779342 -49.537758 
77.053768 -49.725418 
77.426460 -50.013839 
77.654481 -48.776793 
77.396482 -49.010219 
77.869447 -49.631410 
77.946791 -49.675540 
78.472197 -49.696379 
78.579396 -49.028290 
78.609157 -49.036397 
78.699954 -49.113169 
78.557216 -49.428582 
79.505498 -49.609884 
78.940093 -49.820326 
78.939595 -49.820696 
78.973435 -50.180600 
78.823287 -50.205642 
78.943353 -50.430201 
79.908307 -49.730026 
79.818000 -50.056192 
80.288059 -48.513967 
80.059196 -49.601970 
80.719015 -49.063964 
81.509203 -49.463983 
81.337738 -49.633750 
81.176285 -49.664815 
80.892299 -49.967389 
81.829367 -49.983868 
81.600415 -50.124101 
81.601105 -50.124444 
82.487019 -49.664624 
82.501359 -49.965716 
82.916614 -50.528150 
83.164124 -50.661724 
82.757690 -50.752708 
83.075260 -50.821942 
82.300529 -50.823939 
83.123973 -49.834657 
83.726933 -48.984655 
83.652160 -49.407864 
83.621130 -49.637975 
83.719128 -48.861667 
84.455293 -49.074173 
84.992502 -49.224800 
84.362343 -49.868254 
84.870060 -49.930033 
84.319776 -50.012248 
84.946961 -48.874265 
85.346934 -49.126199 
86.011078 -49.591379 
85.381440 -49.790235 
86.097079 -49.819260 
86.299761 -49.856084 
86.388039 -49.891282 
86.171457 -49.987951 
85.711832 -50.215600 
86.003733 -50.223634 
85.556674 -50.266183 
86.193760 -50.275762 
86.931566 -48.842448 
86.837020 -48.868911 
86.853173 -49.543973 
87.110188 -49.631467 
86.937980 -49.599150 
87.464658 -49.698443 
87.497698 -49.944748 
87.174077 -48.410364 
87.741544 -48.705541 
87.642112 -49.015161 
87.639811 -49.778177 
87.993882 -50.178325 
88.329618 -50.463190 
88.956180 -50.502536 
88.808059 -49.189852 
88.591558 -49.506205 
88.865149 -50.027285 
89.458454 -50.319338 
89.991205 -50.522504 
89.744479 -50.664282 
89.834818 -51.173308 
89.960653 -50.039126 
90.160592 -49.641125 
90.768211 -49.647361 
90.765743 -49.648424 
90.446779 -49.868774 
90.159987 -50.391044 
91.466400 -49.040181 
91.276635 -49.303103 
91.032806 -49.603024 
91.033242 -49.603150 
91.920498 -48.786802 
92.643800 -48.943272 
92.159326 -48.977725 
92.659069 -49.024246 
91.846796 -49.210966 
91.754733 -49.220207 
91.719100 -49.254138 
92.611565 -49.361319 
91.788957 -49.386698 
91.935456 -49.529186 
92.146525 -49.734992 
91.986920 -49.746789 
92.425693 -49.973946 
93.035274 -48.502125 
92.883126 -49.103888 
93.172616 -49.357643 
93.175830 -49.426281 
93.005563 -49.435693 
93.301692 -49.467973 
93.296138 -49.498608 
93.886273 -49.972105 
93.802268 -50.163474 
93.556029 -50.212902 
