57.019963 -24.210591 
56.790480 -24.241640 
56.887012 -24.269642 
56.582283 -24.330122 
56.489761 -24.674511 
57.536212 -23.537099 
57.677838 -23.685240 
57.449689 -23.753516 
57.882541 -23.799457 
57.857948 -23.961368 
57.124400 -24.051206 
57.676398 -24.129498 
57.679213 -24.188647 
57.814589 -24.983924 
57.670341 -25.266192 
57.331314 -25.273088 
57.444732 -25.467841 
57.664477 -25.687585 
58.587293 -24.289038 
58.838011 -24.635451 
59.422108 -24.892735 
59.767190 -24.313356 
59.482274 -24.357565 
59.964365 -24.481315 
60.159139 -24.942046 
59.954039 -25.250292 
59.804589 -25.264756 
60.993121 -23.983225 
60.333502 -24.352448 
60.502126 -24.358767 
60.617686 -24.434405 
60.325109 -24.463222 
61.018857 -24.696002 
60.798259 -24.802204 
60.707618 -24.855723 
60.599964 -25.279652 
60.570836 -25.311177 
60.449643 -25.378654 
62.561829 -23.991742 
63.008951 -23.819711 
63.037128 -23.959385 
63.279404 -24.155924 
63.330102 -24.277259 
63.094719 -24.474483 
62.634149 -24.500423 
62.845822 -24.878782 
62.666204 -25.079540 
63.148487 -25.113917 
62.986744 -25.319330 
63.360178 -25.359626 
63.482429 -25.595662 
63.201726 -25.834473 
63.884576 -24.246190 
63.684768 -24.255516 
64.022192 -24.419729 
63.506792 -24.520813 
63.892228 -24.622317 
64.024735 -24.657937 
63.631753 -24.798581 
64.455363 -24.454307 
64.310755 -24.564468 
65.494597 -24.109767 
65.673969 -24.638926 
65.752435 -25.420178 
65.578810 -25.450279 
65.868102 -23.642943 
65.920241 -24.000640 
65.926478 -24.260484 
65.926031 -24.261078 
65.925793 -24.265130 
66.329346 -24.744529 
66.283146 -25.034130 
66.105522 -25.433270 
66.515963 -25.511518 
65.977626 -25.647384 
66.510043 -23.816766 
66.689650 -24.279991 
66.947931 -24.537400 
66.818209 -24.894081 
66.665156 -24.951135 
68.054482 -24.814970 
67.917885 -24.925212 
68.769997 -23.998743 
68.562533 -24.507616 
68.518550 -24.594565 
68.798104 -24.615032 
68.361016 -24.656636 
68.611842 -24.779882 
68.170688 -24.786963 
68.542248 -24.893330 
68.541137 -24.892292 
68.444186 -24.934567 
68.743456 -24.999794 
68.651839 -25.086665 
68.871895 -25.128459 
68.220192 -25.133325 
68.591184 -25.601561 
68.907117 -23.434613 
69.013063 -23.979261 
68.887780 -24.326568 
68.985980 -24.531237 
69.424511 -24.727988 
69.913481 -24.311446 
69.729623 -24.375936 
71.008889 -24.160330 
71.008192 -24.645766 
70.966894 -24.811668 
71.441475 -25.664032 
71.468637 -23.625410 
71.674676 -23.900159 
71.674204 -23.899963 
71.778751 -24.113799 
71.354348 -24.466940 
71.883172 -24.502312 
71.693625 -24.915689 
71.956044 -25.194948 
71.632827 -25.223069 
72.059659 -25.358961 
71.791380 -25.381825 
71.761908 -25.596758 
72.147250 -23.917127 
72.767241 -24.598992 
72.741141 -24.705955 
72.521116 -24.829148 
72.220299 -25.290562 
74.077110 -24.534040 
74.284186 -25.124874 
74.110916 -25.181237 
74.073587 -25.314250 
74.350655 -25.472034 
74.570033 -25.574823 
74.395434 -23.469790 
74.787576 -23.612353 
74.485001 -23.833691 
74.896112 -23.839692 
74.561810 -23.868091 
74.881865 -24.192136 
74.880062 -24.192123 
74.879154 -24.192490 
74.872037 -24.232675 
74.614392 -24.292910 
74.348091 -24.515003 
75.022367 -24.690525 
75.009437 -24.703683 
74.894728 -24.918719 
75.139065 -25.361299 
75.440277 -24.164394 
75.399420 -24.205368 
75.281651 -24.615481 
75.536839 -24.811587 
75.439485 -24.980313 
75.364729 -25.004645 
76.438953 -24.384107 
76.492306 -24.528406 
76.164064 -24.536053 
76.529258 -24.547437 
76.530370 -24.547382 
76.531640 -24.801250 
76.668977 -24.851625 
76.354907 -24.870057 
77.044422 -24.027276 
77.549477 -24.711279 
77.050544 -24.867259 
76.847918 -24.938481 
77.493203 -25.231288 
77.507772 -25.293874 
77.113688 -25.649482 
77.769908 -24.347984 
77.934287 -24.491120 
77.936399 -24.489766 
78.118238 -24.571602 
78.321120 -24.884888 
78.072203 -24.898388 
77.718463 -24.957923 
78.192586 -24.985315 
77.800059 -25.189445 
77.977554 -25.343862 
78.260021 -24.328734 
78.311038 -24.339637 
78.451528 -24.385044 
79.098498 -24.669625 
79.096663 -24.670646 
79.081571 -24.681257 
79.722011 -23.902315 
79.539682 -24.065979 
79.712176 -24.259982 
79.513204 -24.417222 
79.945659 -24.712597 
79.931305 -24.868859 
79.868972 -25.237508 
79.790681 -25.256021 
79.943175 -25.266712 
79.977127 -25.298851 
79.927621 -25.398018 
79.969145 -25.549067 
80.372179 -24.395897 
80.236983 -24.403471 
80.039840 -24.468985 
80.135847 -24.478260 
80.281977 -24.715126 
80.451861 -24.803555 
80.090717 -24.824214 
80.476279 -25.002898 
80.021097 -25.045103 
80.114384 -25.153604 
80.002561 -25.188504 
80.014070 -25.195141 
80.014758 -25.194210 
80.015621 -25.195027 
80.013561 -25.197002 
80.546813 -25.225431 
80.135524 -25.299729 
80.191089 -25.524733 
80.305198 -25.534865 
80.208780 -25.714165 
81.064959 -24.239617 
81.117903 -24.323528 
82.068868 -24.284048 
82.145295 -24.636875 
82.149807 -24.643405 
82.146903 -24.646294 
82.147754 -24.647934 
82.058558 -24.666542 
82.057385 -24.666683 
82.061669 -24.671327 
82.052974 -24.669604 
82.058007 -24.672671 
82.058608 -24.673087 
82.139640 -24.684877 
82.136234 -24.683711 
82.140450 -24.684484 
81.936815 -24.692026 
81.936568 -24.691810 
82.320307 -24.950485 
82.321742 -25.185850 
82.304127 -23.952650 
82.261297 -24.000903 
82.207850 -24.449145 
82.386980 -24.683652 
82.412126 -24.780840 
82.345536 -24.848477 
82.626463 -24.875307 
82.609274 -24.886408 
82.611277 -24.888325 
82.345232 -25.090645 
82.705629 -25.500882 
82.896728 -25.566919 
82.915213 -25.670995 
83.408831 -23.863800 
83.369587 -23.873659 
83.002154 -24.496395 
83.168459 -24.525287 
83.498111 -24.700347 
83.568990 -24.762152 
83.414224 -24.863795 
83.196732 -24.926063 
83.195761 -24.929478 
83.195390 -24.932173 
83.219113 -24.962526 
83.859763 -25.090785 
83.846435 -24.351361 
83.850916 -24.350018 
85.098435 -24.233488 
85.226232 -24.590657 
85.346468 -24.703974 
85.074726 -25.033233 
85.623737 -25.489761 
85.623264 -25.491186 
85.665557 -25.526135 
85.575592 -25.588885 
85.658116 -25.631008 
85.694062 -25.670353 
85.639128 -25.800055 
85.623340 -25.794944 
85.338471 -23.736742 
85.428068 -24.006886 
85.432479 -24.016028 
85.558374 -24.979689 
85.671002 -25.236243 
85.881036 -25.633321 
85.942956 -25.732279 
85.822520 -25.856784 
86.391142 -23.945686 
86.103221 -24.000142 
86.138927 -24.218039 
86.566190 -24.660572 
86.812833 -24.817267 
86.394563 -25.143494 
86.563689 -25.193499 
87.473370 -24.377508 
87.466985 -24.395889 
87.467418 -24.396919 
87.468199 -24.397597 
87.468988 -24.397910 
87.346353 -24.538079 
87.441388 -24.675469 
87.417764 -24.819667 
87.717303 -24.872324 
88.114583 -24.225969 
88.317445 -24.477841 
87.928670 -24.825689 
88.467312 -24.857684 
88.288705 -24.949245 
88.182219 -25.091146 
88.330474 -25.112621 
88.186755 -25.124742 
88.637565 -25.170042 
88.617609 -25.656877 
88.577112 -23.680915 
88.479759 -23.702061 
89.022139 -23.780811 
89.022117 -24.087765 
89.021255 -24.089934 
88.723385 -24.159273 
88.590154 -24.291945 
88.442347 -24.307777 
89.055095 -24.598684 
88.737532 -24.598476 
89.366467 -25.170734 
89.142335 -23.843313 
89.143584 -23.847245 
89.258946 -24.176563 
89.646534 -24.525477 
89.724749 -24.730697 
89.468782 -24.756955 
90.286987 -24.750603 
90.752968 -25.088309 
4.753408 -25.705500 
4.546468 -25.719430 
4.813985 -25.933255 
4.750173 -25.967247 
5.120690 -26.082942 
5.290733 -25.301303 
5.756712 -27.050201 
6.105411 -26.154024 
6.076849 -25.397387 
6.299760 -25.504303 
5.865191 -25.638916 
6.029672 -26.017657 
6.339555 -26.598941 
8.164565 -25.125538 
8.246152 -25.282532 
8.093220 -26.825147 
8.506163 -25.699050 
8.550581 -24.783672 
8.657736 -24.924685 
8.408958 -25.003688 
8.465422 -26.989255 
8.463979 -26.987203 
8.462154 -26.990103 
8.784936 -26.106977 
9.113988 -26.127878 
9.112084 -26.137007 
8.908613 -26.191408 
9.099992 -25.340407 
9.016756 -25.458815 
9.405238 -25.844627 
8.926790 -25.882408 
8.949067 -25.889629 
9.693339 -25.961810 
11.033940 -26.121347 
11.001394 -26.663881 
10.578960 -25.473925 
10.690758 -25.727194 
10.698844 -26.038255 
11.057002 -25.101242 
10.911200 -26.831200 
11.370332 -26.975325 
10.991877 -27.013064 
11.637942 -26.141377 
11.640290 -26.141598 
11.258181 -26.278618 
11.425625 -26.534352 
11.367104 -25.355929 
11.617146 -25.427888 
11.703806 -25.501341 
11.785587 -25.321142 
12.037953 -26.267976 
12.030828 -26.387728 
12.508221 -25.948439 
12.556317 -25.974568 
12.553977 -25.978437 
12.555763 -25.976845 
12.555088 -25.977920 
13.135978 -25.591899 
13.126883 -25.678810 
13.752671 -26.366975 
13.704239 -26.411513 
14.554289 -25.140787 
14.611327 -25.201954 
13.869527 -25.230005 
13.722370 -25.337516 
14.156224 -25.392153 
13.778437 -25.446452 
14.255715 -26.837892 
14.582820 -26.111415 
14.581478 -26.111644 
14.738272 -26.019607 
15.739438 -25.700902 
15.890489 -26.198419 
16.378293 -26.265886 
16.152490 -26.565005 
16.300041 -26.600876 
16.687548 -25.565675 
16.701362 -24.862199 
17.153589 -26.783845 
16.607960 -26.847921 
17.323367 -25.521090 
17.271248 -25.543158 
17.054022 -25.672340 
16.989316 -26.178970 
16.744803 -26.205236 
17.148154 -26.626251 
17.062934 -24.854700 
17.816705 -26.008430 
17.545568 -26.225619 
18.797260 -26.124871 
18.977912 -26.406321 
19.029357 -25.519420 
19.040898 -25.603024 
19.262828 -26.324984 
19.621887 -26.580876 
19.402598 -26.876986 
19.739377 -25.469471 
19.660716 -25.655023 
19.258639 -25.683964 
20.340275 -26.231440 
20.042085 -26.535242 
20.326023 -26.551244 
20.201889 -26.674411 
20.199922 -26.674542 
20.277139 -26.707148 
20.469261 -25.568791 
20.460639 -25.583601 
20.248685 -25.974680 
20.461312 -26.011600 
20.644396 -26.014517 
20.209137 -25.325874 
21.535588 -25.724978 
21.229051 -25.966568 
21.267375 -25.993178 
22.154161 -25.340098 
22.154260 -25.341143 
22.305526 -25.382370 
21.827404 -25.443654 
22.172775 -25.570087 
21.637620 -25.713156 
22.172304 -25.819608 
22.292879 -25.948452 
22.084160 -26.276013 
21.807885 -26.478762 
22.344854 -26.762096 
22.615084 -26.882644 
22.693365 -27.048868 
22.428695 -27.096125 
22.446718 -25.433794 
22.895721 -25.548671 
22.430138 -25.954191 
22.835657 -26.139549 
22.828301 -26.354815 
22.703157 -26.504671 
22.848510 -26.535171 
22.263752 -26.546396 
22.518802 -26.732395 
22.834778 -25.028706 
23.171157 -26.139523 
23.338167 -26.150806 
23.404915 -26.255764 
23.348002 -25.810299 
24.340088 -26.173198 
24.417512 -25.555122 
24.192546 -25.704035 
25.329634 -26.618852 
24.745928 -26.661539 
25.256038 -26.792905 
25.075309 -24.952455 
25.544783 -25.325256 
24.885386 -25.541401 
25.219078 -25.678980 
25.086605 -25.732080 
26.083069 -25.592952 
25.866903 -26.575317 
26.480992 -25.785457 
27.620840 -25.844324 
27.461675 -26.268741 
27.457080 -26.291348 
27.308877 -26.441150 
27.525596 -26.549216 
27.748910 -26.693570 
27.569869 -26.715584 
27.974042 -24.963596 
27.981555 -25.042925 
28.240248 -26.492344 
27.850743 -26.552835 
27.912373 -26.776800 
27.851579 -26.791588 
27.919743 -26.789752 
28.336659 -24.982286 
28.659750 -25.160115 
28.623088 -25.774328 
