86.860350 -25.235666 
86.729079 -25.262406 
86.920552 -26.866956 
86.953833 -25.346984 
87.173671 -25.361791 
86.861198 -25.395283 
87.084595 -25.404020 
87.188063 -25.435846 
87.200091 -25.441409 
86.891737 -25.464491 
86.751165 -25.503166 
87.266445 -25.505126 
86.972241 -25.521916 
87.011830 -25.524114 
87.009104 -25.523953 
86.712678 -25.543265 
86.811547 -25.545521 
86.944306 -25.563088 
86.611455 -25.579000 
87.164670 -25.624631 
87.234158 -25.652301 
86.821335 -25.653969 
87.041620 -25.653130 
86.919493 -25.668089 
86.545013 -25.734478 
86.546735 -25.736265 
86.958740 -25.741269 
87.201050 -25.797652 
86.812455 -25.826456 
86.665942 -25.832330 
86.622018 -25.890338 
86.809250 -25.913545 
86.889621 -26.046175 
86.930550 -26.692783 
87.338423 -24.973688 
87.222272 -25.024056 
87.422407 -25.020640 
87.429271 -25.209030 
87.074053 -25.218362 
87.405871 -25.226033 
87.144277 -25.308402 
87.278301 -25.315230 
87.437593 -25.309394 
87.510091 -25.315916 
87.238794 -26.848821 
87.357179 -25.353302 
87.760217 -25.439424 
87.498179 -25.447756 
87.648418 -25.455906 
87.523638 -25.479556 
87.362130 -25.477667 
87.391006 -25.531623 
87.748702 -25.557193 
87.878216 -25.556758 
87.317961 -25.599975 
87.530781 -25.612937 
87.453110 -25.829947 
87.609388 -25.833700 
87.806931 -25.995073 
88.047022 -26.047173 
88.220540 -26.111423 
87.660394 -26.344985 
88.222432 -25.820202 
88.432645 -25.941578 
89.074716 -26.158678 
89.489614 -25.484144 
89.923106 -26.069127 
89.673495 -26.133548 
89.541987 -26.148300 
89.269923 -26.179914 
89.457304 -26.335978 
89.635851 -26.502586 
89.370980 -26.582617 
89.934057 -24.791140 
90.114796 -24.920424 
90.038459 -25.003049 
90.047850 -25.197795 
89.941590 -25.245569 
89.976762 -27.092400 
90.360544 -25.354212 
90.140557 -25.364199 
89.671750 -25.423119 
90.282302 -25.421232 
90.155160 -25.628122 
90.093348 -26.113006 
4.372453 -27.448068 
4.715144 -27.633471 
4.672768 -27.932487 
4.852323 -27.931446 
4.615167 -26.822149 
4.556840 -27.167198 
5.490011 -27.364138 
6.563001 -27.863908 
6.356824 -26.897581 
6.238956 -27.289456 
6.426273 -27.297623 
6.061183 -27.331608 
7.462658 -26.772979 
7.153891 -27.030700 
7.510966 -27.058740 
6.751039 -27.960612 
7.167783 -26.674582 
8.909484 -27.664040 
8.934804 -26.953878 
8.789929 -27.279050 
9.022862 -27.412056 
9.023748 -27.411303 
9.022127 -27.412371 
9.371419 -27.508371 
9.506899 -27.532228 
9.509937 -27.535079 
9.560548 -27.586184 
9.441519 -27.588329 
9.440746 -27.590302 
9.441231 -27.589106 
9.220127 -27.868684 
9.625240 -28.149482 
9.574891 -28.150692 
9.380976 -26.763112 
9.590541 -27.011359 
9.944465 -27.116600 
9.890332 -27.310995 
9.549260 -27.442809 
10.095539 -26.298545 
9.994752 -26.690865 
9.678332 -28.302840 
10.224230 -26.982612 
10.133318 -27.289604 
10.223518 -27.488305 
10.354494 -27.611601 
10.232898 -27.717674 
10.313794 -27.898473 
11.065547 -27.244159 
12.281990 -26.316737 
12.329099 -26.371380 
12.600735 -26.672908 
12.786161 -27.777586 
12.501147 -27.932112 
12.409471 -27.935685 
12.544963 -26.808876 
13.135306 -26.838831 
12.953916 -27.078689 
12.668013 -27.079739 
12.621834 -27.134398 
12.771630 -27.134515 
12.730707 -27.354249 
13.060957 -26.748952 
13.524694 -27.475762 
13.307426 -26.833789 
13.433525 -27.389211 
13.473554 -27.405596 
14.555187 -27.362966 
15.203613 -27.792207 
15.663536 -26.357837 
15.413979 -26.705205 
15.612423 -26.989755 
15.483070 -27.027236 
15.641265 -27.224122 
15.310201 -27.237991 
15.780027 -27.614453 
15.593457 -27.661456 
15.668242 -27.859131 
15.771126 -27.913914 
15.439851 -28.439588 
16.016708 -26.521695 
15.959227 -26.629971 
16.322324 -27.233499 
16.236620 -27.233447 
16.097855 -27.466311 
17.352357 -27.348280 
17.352979 -27.345328 
17.351849 -27.344781 
17.351149 -27.346532 
17.220776 -27.581150 
17.483716 -27.597240 
17.615373 -27.625004 
17.920571 -27.974574 
18.675909 -27.070863 
18.784937 -27.367749 
18.724215 -27.922300 
18.488973 -26.402504 
18.314727 -26.741852 
18.935824 -26.828831 
20.241814 -26.762445 
20.273920 -26.773253 
20.113068 -27.232922 
19.900894 -27.447726 
20.111359 -27.452146 
20.890622 -27.475864 
20.514847 -27.568621 
20.684953 -27.823892 
20.594929 -27.932001 
21.119504 -27.265433 
20.619561 -27.287879 
21.538769 -26.788072 
21.824086 -27.435826 
21.633200 -27.862764 
22.800865 -27.320703 
23.543229 -26.574135 
23.615909 -26.793745 
23.455242 -26.991168 
23.384794 -27.204002 
24.009790 -27.493382 
24.149450 -28.236912 
23.991689 -27.396106 
24.709208 -27.482087 
24.470079 -27.711292 
25.947493 -26.977943 
26.056563 -27.205205 
25.365222 -27.259904 
26.002090 -27.322087 
26.829119 -26.888063 
26.457708 -27.044882 
26.138384 -27.076648 
26.648165 -27.394596 
26.262470 -27.561912 
26.436208 -27.917106 
26.695638 -28.096553 
26.703640 -28.094874 
26.491160 -28.226018 
26.663779 -28.404117 
26.652128 -26.064496 
26.683200 -26.518011 
26.976614 -26.751612 
26.831943 -26.748721 
27.501447 -27.550739 
26.927322 -27.865334 
26.802000 -28.151006 
27.319791 -26.559824 
26.977685 -26.746852 
27.272972 -26.771371 
27.285668 -26.824167 
27.407941 -27.022886 
27.522694 -27.079763 
27.249380 -27.085909 
27.634034 -27.153760 
27.481706 -27.156614 
26.963314 -27.182881 
27.510211 -27.279737 
27.716670 -27.031641 
27.739327 -27.580861 
27.739889 -27.581765 
28.347798 -27.171771 
29.263424 -26.282528 
29.169798 -26.360180 
29.241568 -26.620724 
28.912672 -27.268310 
28.493267 -27.398810 
28.671336 -27.441188 
29.276813 -27.637357 
29.546893 -27.909989 
29.681972 -27.955875 
29.963441 -28.145269 
29.582396 -26.419206 
29.970214 -26.665854 
30.363421 -26.858250 
30.731754 -27.374561 
30.145702 -27.594346 
30.202281 -26.734562 
31.340953 -27.273571 
32.422846 -26.218006 
32.365440 -26.363323 
32.096679 -26.642101 
32.393975 -26.679286 
32.198682 -26.816474 
32.140068 -26.911402 
31.786972 -27.502696 
32.412009 -27.554504 
31.816451 -27.831000 
32.397698 -27.892965 
32.784530 -26.685112 
32.636225 -27.028374 
32.796034 -27.224417 
33.039939 -27.250178 
32.514683 -27.392000 
34.583239 -26.778812 
34.583168 -26.779489 
34.708863 -26.885164 
34.486323 -27.501083 
34.795569 -26.458909 
34.757307 -26.558484 
34.823320 -26.732029 
35.070779 -26.636426 
34.975549 -27.145474 
34.973404 -27.233106 
34.909557 -27.248597 
35.406177 -27.285415 
35.388634 -27.691312 
34.986577 -28.097564 
35.874634 -27.195162 
35.907210 -27.418674 
35.793371 -27.618079 
35.737517 -27.833065 
37.099043 -26.779659 
37.212901 -27.857730 
37.536148 -26.839480 
38.096366 -27.088784 
37.347085 -27.256349 
38.030095 -27.563611 
37.861719 -27.777082 
37.829505 -28.338629 
38.342717 -26.399303 
38.388462 -26.418615 
38.262301 -27.164816 
38.794505 -27.488685 
38.107582 -27.663418 
38.316466 -27.752936 
39.314216 -27.316291 
40.254593 -26.999431 
39.897376 -27.086381 
40.172109 -27.203126 
40.008165 -27.427407 
39.774641 -27.473159 
39.729956 -27.486540 
39.963737 -27.692634 
39.968441 -27.784993 
40.710254 -26.181737 
40.834927 -26.261622 
40.535914 -26.345873 
40.895788 -26.440003 
41.093602 -26.472811 
41.225127 -26.584651 
41.161149 -26.653367 
40.901420 -26.859424 
40.597332 -26.931364 
40.543309 -26.981212 
41.221581 -27.433820 
41.294356 -27.852494 
41.056825 -28.016330 
41.155209 -28.049049 
40.727424 -28.439805 
41.366347 -27.050173 
41.726022 -27.508502 
41.550868 -27.742271 
42.805216 -27.695595 
43.590195 -26.034589 
43.307264 -26.521707 
43.388852 -26.505266 
43.343965 -26.556980 
43.235237 -26.674929 
43.370908 -26.916520 
43.486075 -27.595232 
44.062632 -26.891560 
44.308042 -26.918765 
43.937076 -27.210710 
43.914970 -27.354271 
43.942135 -27.417675 
44.407280 -27.657831 
43.839849 -27.821577 
44.552274 -27.294461 
46.028407 -26.651301 
45.543787 -27.128895 
46.017416 -27.312989 
45.932339 -27.493043 
46.029892 -27.624991 
46.086536 -27.692681 
46.158692 -27.715807 
46.063855 -28.087169 
46.654972 -26.213706 
46.257608 -26.473110 
46.729441 -26.510629 
46.684372 -26.540204 
46.130110 -27.234541 
46.404509 -27.439928 
46.349192 -27.727458 
46.365126 -27.753551 
46.285763 -27.967525 
46.996815 -26.652524 
46.934159 -27.279476 
47.162894 -27.319753 
48.397911 -27.261115 
48.544969 -27.671463 
49.121563 -26.048576 
48.872372 -26.408981 
49.123596 -26.623263 
48.875163 -26.807836 
48.648195 -27.550134 
48.906438 -27.635233 
48.737547 -27.648878 
48.821450 -28.227099 
49.139026 -28.295246 
49.151372 -28.353324 
49.518754 -26.452937 
49.489065 -26.573145 
49.895578 -26.611964 
49.422286 -26.910413 
49.987631 -27.187071 
49.572623 -27.608685 
50.504514 -27.182646 
51.650180 -26.366714 
51.573106 -26.493814 
51.579940 -26.792033 
51.070897 -26.869248 
51.401161 -26.943806 
51.259210 -27.064340 
51.130736 -27.173094 
51.681903 -27.565078 
51.412283 -27.775771 
51.680751 -27.802506 
52.075121 -26.075661 
52.056685 -26.363202 
52.445824 -26.872019 
51.911325 -27.828354 
52.402136 -27.991285 
51.987932 -28.033807 
52.315642 -28.123287 
52.132906 -28.183645 
52.039453 -28.333175 
52.734008 -26.838728 
52.561208 -27.022726 
52.644139 -27.456198 
54.039708 -26.840146 
54.181983 -27.832630 
54.655850 -26.325327 
54.743444 -26.375710 
54.305263 -26.478318 
54.302974 -26.477466 
54.647895 -26.512284 
54.397204 -26.530534 
54.361593 -26.571278 
54.823213 -26.616623 
54.485095 -26.784167 
54.435113 -26.856027 
54.507788 -27.257906 
54.824110 -27.564764 
54.709614 -27.902511 
54.911289 -27.912869 
54.822059 -28.044892 
54.585064 -28.158882 
54.872421 -26.193433 
54.986756 -26.543939 
55.049945 -26.813246 
55.135542 -26.833295 
55.110467 -27.257929 
55.257182 -27.347392 
55.322215 -27.363571 
55.321942 -27.364545 
55.245466 -27.421394 
55.170944 -27.447470 
55.421530 -27.589315 
55.457229 -27.803734 
55.495410 -27.848813 
55.097725 -27.868650 
56.494760 -27.171010 
56.980472 -26.868481 
56.708302 -26.898096 
56.610189 -27.051468 
57.235881 -27.128399 
57.038039 -27.198846 
56.854993 -27.500205 
56.769626 -27.549515 
57.030571 -27.666208 
57.308276 -27.745659 
57.408989 -27.954988 
57.644789 -26.280062 
57.821769 -26.458088 
57.863067 -27.123068 
57.684348 -27.493666 
57.927009 -27.529118 
57.926089 -27.529586 
58.083279 -27.668194 
57.664943 -27.689098 
57.874423 -27.743408 
58.021587 -28.176043 
58.411401 -26.673514 
58.203152 -27.006705 
58.204463 -27.006685 
58.610838 -27.163363 
58.697200 -27.478587 
58.696683 -27.478137 
59.477775 -27.285644 
59.744276 -27.383168 
59.745528 -27.382526 
60.300790 -26.578044 
60.401969 -27.604647 
60.609907 -27.682039 
59.896752 -27.683500 
59.896885 -27.687009 
59.957160 -27.693473 
59.919768 -27.709331 
60.207859 -27.788224 
60.213908 -27.787355 
60.615115 -28.478542 
61.162593 -26.693156 
61.162010 -26.693220 
60.772691 -27.132159 
62.596478 -26.870161 
63.104429 -28.342833 
63.584158 -26.383183 
63.072024 -26.574145 
63.606026 -27.909698 
63.228282 -28.018738 
63.604774 -28.091862 
63.699928 -28.115567 
65.281006 -27.304699 
65.374028 -27.489756 
65.325228 -27.613387 
65.324233 -27.614746 
65.478107 -27.692859 
65.169651 -27.731895 
