66.323783 -50.958397 
66.082130 -51.202312 
66.465292 -51.316686 
67.024407 -50.123193 
67.457964 -50.423328 
67.088892 -50.491254 
67.526160 -50.653846 
67.069831 -50.727424 
66.666487 -50.765249 
67.061931 -51.325400 
67.430798 -51.412423 
67.523709 -51.712272 
67.474085 -51.821945 
66.903918 -51.895268 
67.613409 -51.948291 
67.057228 -52.010181 
68.450504 -50.809239 
68.538329 -50.890468 
68.744460 -51.059937 
68.157272 -51.132875 
67.938446 -51.291942 
67.821098 -51.312851 
68.591941 -51.356040 
68.573940 -51.698670 
68.108464 -51.851362 
68.573227 -51.969577 
67.910502 -52.304378 
68.064041 -52.417471 
68.061413 -52.416917 
69.855527 -50.709647 
69.641479 -51.006495 
69.862738 -51.124158 
70.377632 -50.162647 
70.445772 -50.566963 
70.267675 -50.846038 
70.028854 -50.910388 
70.738998 -51.049152 
70.484912 -51.350552 
70.786639 -51.389503 
69.996465 -51.539080 
70.028242 -51.585229 
71.009523 -51.769699 
70.726521 -51.906731 
70.923764 -51.989922 
70.874592 -52.151658 
71.287881 -52.272292 
71.739943 -50.783764 
71.506655 -50.910004 
71.504294 -50.921578 
71.775693 -51.100802 
72.277140 -51.120007 
71.872443 -51.444463 
71.457730 -51.616730 
71.830612 -52.310781 
72.050982 -52.559367 
72.313973 -51.088129 
72.665749 -51.275517 
72.417298 -51.486245 
72.405575 -51.603263 
72.403060 -51.603291 
73.365523 -51.433734 
73.440764 -49.835874 
73.440342 -49.834966 
73.604167 -49.877357 
73.218726 -50.024472 
73.848800 -50.128120 
73.247837 -50.147026 
73.909460 -50.389158 
73.686885 -50.960868 
73.715311 -51.378712 
73.959274 -51.419497 
74.333654 -51.673268 
74.610597 -51.863765 
74.747804 -51.920323 
74.545056 -51.952932 
74.522281 -51.998580 
74.576601 -52.186463 
74.566256 -50.512939 
75.022377 -50.859584 
75.482628 -51.193363 
75.474704 -51.570113 
75.099477 -51.691414 
74.911318 -51.729674 
75.419145 -52.404076 
76.556801 -50.884935 
76.658570 -51.255701 
76.787091 -49.872294 
77.929032 -51.338894 
77.123723 -51.362035 
77.111877 -51.359099 
77.357762 -51.555635 
77.107548 -51.580107 
77.805118 -50.677164 
77.879234 -50.766928 
78.469787 -51.154956 
78.873859 -51.654139 
79.059268 -51.786373 
79.114773 -51.801852 
78.890904 -51.937720 
79.206476 -51.586348 
79.419608 -51.740029 
79.793094 -51.052781 
79.725730 -51.177331 
80.499036 -49.979943 
81.102641 -50.674063 
80.618359 -50.730429 
81.005713 -51.173929 
81.006411 -51.173581 
80.745541 -51.317581 
81.890232 -51.048824 
82.295278 -51.100138 
81.495033 -51.189233 
82.394817 -51.403684 
82.735600 -52.239114 
82.545468 -52.342514 
83.599522 -50.664849 
83.513012 -50.714142 
83.847336 -50.857138 
83.826506 -50.915283 
83.781411 -50.963052 
84.081821 -51.276743 
84.483391 -51.517678 
84.483643 -51.516900 
84.485051 -51.522158 
84.472801 -51.744062 
84.374118 -51.822020 
84.755649 -50.670521 
85.216232 -50.720540 
85.433775 -51.736811 
86.151425 -51.958420 
85.530070 -51.975170 
86.261374 -52.364819 
86.262188 -52.365797 
86.188038 -51.306094 
86.494069 -51.473941 
86.580770 -51.071917 
87.088227 -51.101007 
86.854158 -49.928289 
86.925200 -50.335246 
87.713722 -50.482731 
87.560203 -50.563003 
87.564266 -50.801250 
87.343900 -50.857037 
87.459751 -50.867395 
87.462782 -51.023691 
87.822651 -51.306464 
87.818466 -51.582216 
88.611853 -52.149896 
88.130927 -50.440416 
87.978521 -50.657272 
88.804614 -50.779684 
88.831171 -51.119835 
88.671612 -51.276451 
88.367936 -51.428763 
88.783898 -51.538792 
88.771870 -51.653053 
89.593942 -51.850889 
88.780549 -52.011652 
88.782115 -52.010049 
88.777496 -52.010340 
89.722768 -52.433893 
89.685762 -52.471141 
89.833514 -52.508716 
89.573719 -52.580420 
89.726561 -51.452309 
89.749438 -51.473511 
89.895411 -52.389950 
89.892901 -52.390466 
90.208500 -52.580212 
90.081218 -51.343232 
90.386666 -51.380375 
90.276059 -51.589993 
90.575133 -52.014632 
90.819698 -52.214156 
90.589228 -52.289121 
91.016015 -51.018803 
91.504408 -51.555912 
91.841298 -51.792700 
92.154561 -50.932669 
92.386227 -51.268919 
92.434119 -51.586462 
92.900078 -49.988933 
92.963784 -50.057700 
92.766504 -50.093507 
92.766891 -50.191230 
93.169793 -50.471080 
92.454239 -50.602296 
92.738596 -50.628986 
92.598389 -50.771715 
93.077754 -51.273988 
92.908806 -51.356806 
93.100618 -49.859234 
93.103393 -49.941816 
93.191456 -50.049469 
93.203253 -50.166972 
93.689622 -51.523906 
93.689162 -51.523446 
93.990940 -51.582185 
93.754010 -51.733506 
94.037225 -51.925119 
94.070715 -51.976442 
94.310562 -52.020050 
94.400798 -52.059462 
94.155109 -52.083246 
93.742445 -52.086548 
94.350798 -52.157237 
93.743974 -52.195610 
93.891709 -52.197743 
93.911926 -52.222564 
94.602489 -50.804705 
94.399973 -51.434765 
94.018620 -51.590476 
95.433858 -50.686512 
95.633372 -50.922132 
95.416527 -50.924262 
95.437281 -50.955330 
94.762344 -52.079910 
95.467002 -51.510865 
96.273757 -50.038402 
95.867763 -50.816660 
96.042834 -50.893324 
96.657909 -49.981278 
299.974225 -50.697742 
300.533997 -50.624765 
300.523322 -50.631453 
300.913886 -51.165495 
302.479743 -50.542229 
302.481235 -50.991224 
302.362428 -52.488527 
302.459813 -52.686006 
302.412677 -52.687773 
301.918441 -51.206275 
301.920224 -51.206319 
302.159122 -51.254130 
302.851656 -51.392785 
302.043726 -51.601552 
303.582630 -50.400112 
302.966710 -50.448149 
302.823342 -50.987123 
303.070802 -51.344932 
303.071568 -51.344576 
303.740518 -51.542627 
303.559422 -51.557053 
303.307892 -49.926681 
303.309132 -49.925369 
303.551966 -50.122229 
303.675679 -50.286471 
303.513780 -51.875152 
305.053509 -51.753545 
305.666920 -52.319389 
305.668566 -52.319394 
305.866151 -50.549277 
305.835132 -50.719649 
305.647535 -50.761617 
305.646984 -50.762325 
305.650703 -50.851266 
305.892148 -50.931022 
305.647699 -50.932139 
305.127278 -51.020618 
305.866345 -52.536757 
305.595294 -51.080260 
305.491458 -51.407403 
305.426630 -51.491466 
305.654109 -51.534194 
305.653595 -51.534388 
306.144563 -50.128827 
306.269065 -50.142433 
306.610435 -50.208075 
306.485993 -51.810039 
306.644408 -51.899253 
305.868836 -52.088851 
306.059134 -50.369755 
306.086259 -50.372220 
306.641955 -50.427243 
306.867310 -50.435143 
306.010036 -50.581416 
306.935903 -50.728377 
306.022574 -50.739914 
306.125984 -50.802525 
306.658172 -49.872034 
306.841642 -50.030526 
306.788302 -50.210753 
306.788821 -50.213591 
306.894585 -51.215244 
307.520805 -51.259497 
306.710499 -51.566491 
306.964106 -51.685934 
306.561998 -51.691206 
307.004779 -51.697877 
307.102948 -50.448381 
307.299618 -50.905591 
307.133419 -51.973219 
307.821049 -51.174849 
308.489491 -51.579223 
309.118556 -51.793922 
308.936953 -51.874175 
308.935740 -51.874829 
309.105813 -52.277822 
309.599000 -51.115633 
309.813471 -51.140904 
309.224657 -51.309126 
308.744643 -51.342243 
309.757896 -51.374713 
309.301483 -51.593432 
309.613246 -52.733192 
309.657470 -50.605829 
309.803756 -50.608368 
310.385747 -50.763324 
310.361686 -50.765031 
310.418342 -50.805273 
309.466914 -50.895454 
309.466769 -50.896068 
309.466432 -50.897472 
310.011189 -50.926858 
310.257103 -50.945248 
310.149617 -50.962525 
309.588647 -51.930799 
310.167580 -52.005422 
309.695962 -52.155024 
309.864821 -52.344828 
310.359254 -51.059299 
310.864502 -51.258282 
310.005695 -51.352585 
309.966528 -51.350208 
310.465105 -51.404627 
310.234019 -51.562133 
310.099345 -50.159062 
310.102521 -50.159761 
310.513649 -50.533754 
310.717126 -50.730465 
310.705153 -50.932529 
311.577820 -51.273028 
312.058811 -51.399827 
312.500487 -50.691940 
312.498832 -50.690973 
312.182268 -51.106471 
313.147001 -51.436678 
312.285517 -51.632936 
312.570382 -51.649418 
313.077111 -51.705268 
313.019166 -52.456707 
313.012644 -52.539504 
313.269225 -52.593959 
313.217013 -52.639183 
313.162392 -52.716820 
313.421518 -50.575479 
313.331081 -51.959081 
313.125263 -52.055664 
313.060269 -52.108070 
312.956349 -52.147047 
313.086124 -52.153132 
312.885447 -52.384083 
314.378976 -51.086337 
313.963825 -51.175750 
313.861714 -51.550579 
313.477140 -51.661245 
313.983476 -50.635013 
314.213703 -50.779131 
314.470823 -51.354074 
314.469576 -51.358006 
315.289883 -51.168601 
316.232810 -51.861154 
316.081476 -51.925846 
316.497171 -51.476917 
315.836590 -51.542962 
315.910474 -51.685732 
316.555506 -50.323012 
317.102558 -50.386060 
316.603471 -50.418903 
317.153369 -50.458915 
316.927350 -51.867822 
316.291900 -52.045796 
316.746919 -52.089044 
316.991791 -52.247345 
316.274854 -52.329621 
316.629705 -49.790644 
316.777872 -51.077056 
317.074974 -51.101547 
318.082370 -51.177762 
318.046159 -51.347679 
319.170949 -50.868948 
319.134860 -51.743983 
319.613157 -51.849467 
319.688691 -51.907509 
319.696452 -50.298575 
319.233669 -51.315926 
320.016321 -51.408920 
319.399193 -51.580614 
320.319519 -52.708625 
320.182467 -50.380250 
320.283030 -50.780477 
320.006465 -49.763547 
320.243028 -50.077148 
320.220630 -50.233121 
320.549152 -51.964256 
320.087115 -51.971096 
320.734780 -51.028280 
320.430580 -51.178051 
321.502057 -51.260921 
322.740885 -50.577498 
322.426285 -50.819438 
323.218271 -49.972855 
323.195872 -52.006716 
322.982587 -51.213532 
323.163358 -51.223565 
322.580665 -51.248726 
322.965478 -51.327860 
323.289202 -51.372151 
323.296409 -51.374852 
323.288251 -51.652997 
323.039733 -50.421829 
323.805586 -50.423098 
323.600111 -50.445181 
323.380263 -50.996763 
323.857039 -50.137393 
323.859096 -50.137957 
323.506671 -50.278982 
324.260335 -51.777332 
323.991272 -52.103337 
324.055254 -52.163790 
323.402104 -52.238025 
323.363737 -52.274689 
324.752940 -51.137287 
323.946932 -51.151559 
324.233727 -51.407533 
324.576619 -51.648678 
323.968467 -51.659800 
324.454061 -50.944158 
324.725473 -51.807841 
325.690242 -51.273044 
326.471953 -49.977028 
326.507088 -51.757365 
326.660886 -52.076041 
326.308819 -51.148018 
326.115260 -51.154291 
326.022327 -51.206884 
326.130525 -51.284352 
326.272317 -51.322785 
326.676216 -51.351944 
326.196803 -51.663698 
326.548906 -50.400388 
326.942914 -50.462139 
326.943748 -50.462811 
326.714421 -50.717199 
326.881027 -50.780501 
326.578608 -51.008966 
327.424891 -52.537785 
327.441757 -52.557489 
326.670224 -49.836798 
326.726609 -50.107577 
327.047914 -50.287583 
327.531913 -51.855790 
327.648674 -51.956259 
327.839761 -52.152108 
327.773513 -51.267738 
327.772679 -51.268160 
327.137357 -51.429572 
327.420440 -50.592381 
327.413432 -50.590215 
327.438750 -50.983649 
327.895513 -50.992327 
328.652254 -51.423631 
328.380964 -51.588172 
329.255020 -51.460276 
329.898176 -50.023336 
329.976104 -51.782328 
329.441314 -51.125867 
330.005886 -51.224695 
329.345599 -51.346562 
330.127174 -51.648871 
329.886167 -51.670226 
330.579830 -50.333535 
330.739076 -50.486264 
330.638630 -50.520852 
330.024312 -50.538292 
330.660076 -50.594075 
330.681262 -51.819874 
330.727606 -51.919881 
330.808453 -52.106196 
331.117445 -52.148494 
331.254613 -51.035098 
331.516456 -51.114346 
330.897850 -51.266543 
330.726060 -51.282316 
331.119627 -51.375875 
330.638842 -51.617055 
330.832965 -50.426667 
331.011410 -50.467432 
331.247027 -52.658698 
331.518745 -51.906366 
332.624664 -51.056662 
332.999575 -50.714230 
332.794712 -50.777635 
332.781293 -51.116365 
333.116817 -51.234723 
333.771074 -51.284316 
333.690773 -50.365621 
333.232151 -50.680419 
334.769852 -51.755859 
334.524199 -51.893238 
