93.503196 -50.285127 
93.839978 -50.655810 
93.802548 -50.804613 
94.004411 -50.827367 
93.539259 -50.831458 
95.188636 -49.618666 
95.178889 -49.626479 
94.647882 -49.907811 
94.837743 -50.081915 
94.422583 -50.119016 
94.735038 -50.437833 
95.581228 -48.914330 
95.350425 -49.296043 
95.776181 -49.402160 
95.786167 -49.720034 
96.088069 -49.846751 
95.740773 -50.095102 
95.846595 -48.731727 
96.053154 -48.929222 
96.286666 -49.105660 
96.127934 -49.118011 
96.784280 -50.343915 
97.266340 -49.623254 
97.399441 -50.118106 
96.950053 -50.302168 
97.841197 -50.403454 
97.322683 -49.397676 
97.776978 -49.722664 
301.326657 -50.356841 
300.849832 -50.485220 
301.416566 -50.954514 
302.041770 -50.364479 
302.731190 -49.604874 
302.728139 -49.606238 
304.062349 -49.675119 
304.813708 -50.498273 
304.816641 -49.374313 
304.417461 -49.389199 
304.764979 -49.491725 
304.610975 -51.061984 
305.321687 -49.770518 
304.448392 -50.275650 
305.325728 -48.337235 
305.375819 -48.359048 
305.273582 -50.687278 
305.200769 -50.768405 
305.109205 -50.865071 
305.148478 -48.905885 
305.361956 -49.004757 
305.720317 -49.620318 
305.944313 -49.665721 
305.724962 -49.669695 
306.543034 -49.690160 
306.614944 -49.716470 
305.873636 -49.992847 
307.134958 -49.482377 
307.201031 -49.642697 
307.061920 -49.650103 
307.538916 -49.970953 
307.588286 -50.020420 
307.934577 -50.337518 
307.803112 -50.488663 
308.114206 -50.764383 
308.348235 -48.924880 
308.327786 -49.173606 
307.866163 -49.252857 
307.395172 -49.328993 
307.289059 -49.411986 
308.201487 -49.416150 
308.554688 -48.198617 
308.694206 -48.465818 
308.479975 -48.863720 
308.686706 -49.631140 
308.026831 -49.898215 
308.824650 -49.923519 
308.546292 -50.016989 
308.513093 -50.087820 
308.295736 -50.144983 
308.241714 -50.181480 
309.123542 -48.923205 
308.712782 -48.995013 
308.382824 -49.153458 
308.883306 -49.164897 
308.862939 -49.188483 
309.004353 -49.232380 
308.418804 -49.266975 
308.405221 -49.263526 
308.402748 -49.263085 
308.959382 -49.304872 
309.231401 -49.315563 
309.191793 -49.336576 
309.294792 -49.384463 
309.031291 -49.421964 
308.556870 -49.430475 
309.001643 -49.459396 
309.010834 -49.507417 
308.543182 -49.530120 
308.851692 -50.406647 
309.037295 -50.402698 
308.930861 -50.405333 
308.918710 -50.454151 
309.575447 -49.623646 
308.929664 -49.708753 
309.684069 -49.713573 
309.805965 -49.738965 
309.002563 -49.761979 
309.379753 -49.815223 
309.286809 -49.959649 
309.117986 -50.076241 
308.913262 -50.195996 
309.526299 -49.464669 
310.462389 -49.426327 
310.894691 -49.647418 
310.895799 -49.645948 
310.939248 -49.784029 
310.620510 -50.023940 
310.765150 -50.101809 
310.632588 -50.154386 
310.710712 -50.242306 
311.048740 -50.728677 
311.410382 -50.825591 
311.731265 -49.842780 
311.517475 -51.088343 
311.468921 -51.130858 
311.821415 -48.919915 
312.336847 -49.104393 
312.336853 -49.102289 
311.977887 -49.123412 
311.993167 -50.513295 
311.797925 -50.574509 
313.499774 -49.665064 
313.500818 -49.664721 
314.285949 -49.828270 
314.079012 -50.178156 
314.899248 -48.989082 
314.399935 -49.019151 
314.611749 -49.050557 
314.837598 -49.220055 
314.641734 -49.258137 
314.684503 -49.311900 
314.795874 -49.324339 
314.519772 -49.383942 
314.216354 -49.391672 
314.786753 -49.409505 
314.794852 -49.434908 
314.808048 -49.561749 
314.157688 -50.415044 
314.391060 -50.430394 
314.274246 -50.510695 
314.985186 -50.635461 
314.987227 -48.284701 
314.837822 -48.371060 
315.157732 -48.419370 
314.713191 -48.424333 
314.716118 -48.440267 
314.693441 -48.463798 
314.757873 -48.487762 
315.216672 -48.538976 
314.682840 -48.667675 
314.466846 -48.673110 
315.061860 -48.786845 
314.915376 -48.794796 
314.713926 -48.865337 
315.479413 -49.863503 
315.483619 -49.939443 
314.851478 -50.060544 
314.880853 -50.140133 
314.882675 -50.141129 
315.837520 -48.995674 
315.014914 -49.024665 
314.976994 -49.044947 
315.933103 -49.167310 
315.291009 -49.178318 
315.753830 -49.319160 
314.927296 -49.327522 
315.558497 -49.462278 
315.401835 -49.536405 
315.921142 -50.406128 
315.871566 -49.714413 
315.760333 -49.797845 
316.018203 -49.882509 
316.041489 -49.997887 
316.119411 -49.432803 
317.358374 -49.608390 
316.749054 -49.649923 
317.356185 -50.084901 
317.533828 -50.283859 
317.527344 -50.288985 
317.870335 -48.964954 
317.938798 -49.346676 
317.850906 -49.406019 
317.361900 -49.430630 
318.017038 -49.463312 
317.245619 -49.482171 
317.997528 -50.354547 
318.440413 -48.632662 
317.859569 -48.697794 
317.784428 -49.634034 
318.079306 -49.689855 
317.850850 -49.754373 
318.434339 -50.305447 
318.574620 -48.984826 
319.246174 -49.140754 
318.487499 -49.292301 
318.489266 -49.293084 
318.636184 -49.360081 
318.339967 -49.586223 
319.004144 -50.661542 
318.808942 -48.703036 
319.524392 -49.609469 
318.971392 -49.699423 
318.973815 -49.699237 
319.684223 -49.836526 
319.718957 -49.929351 
319.673554 -50.025053 
319.526132 -49.473746 
319.571727 -49.580754 
320.908473 -49.034247 
320.728872 -49.140067 
320.627369 -49.155939 
321.163950 -49.229412 
320.649694 -49.334341 
321.007510 -49.408436 
321.350166 -49.456741 
320.443852 -49.592921 
321.353112 -49.593731 
321.589432 -48.558874 
321.062938 -48.790213 
321.738247 -49.944870 
322.009100 -49.044468 
321.696947 -49.059767 
321.906534 -49.097940 
321.935298 -49.179774 
322.357882 -49.195866 
322.260604 -49.282079 
322.533042 -49.440477 
321.536235 -49.515198 
322.227011 -49.533032 
322.080198 -48.871729 
322.204805 -50.491924 
322.595575 -50.163926 
322.603289 -49.592755 
324.341199 -49.636183 
324.015340 -49.889783 
323.850119 -50.017637 
323.832811 -50.031033 
324.273706 -50.153269 
324.092317 -50.168816 
324.665843 -49.283904 
324.733814 -49.431812 
325.023390 -48.556581 
324.366690 -48.565254 
324.226138 -48.782945 
324.943630 -50.703697 
324.844339 -50.714710 
325.451714 -50.285105 
325.345310 -48.915214 
324.991501 -48.995991 
325.398992 -49.115966 
325.335819 -51.122829 
325.523089 -50.552405 
325.438058 -50.657223 
326.339828 -49.607199 
326.166786 -49.763526 
326.507844 -49.817654 
325.915067 -50.303041 
326.102569 -49.507575 
327.316953 -49.600110 
326.965264 -49.603087 
327.164659 -49.636792 
326.959525 -49.755340 
328.044149 -48.346640 
328.221755 -48.425922 
328.304043 -48.498324 
327.945451 -48.528318 
327.735908 -48.863397 
327.656880 -50.383996 
328.415702 -50.948476 
328.943988 -49.040730 
328.123560 -49.102404 
328.134257 -49.110189 
328.134795 -49.109614 
328.606134 -49.168835 
329.008545 -49.307873 
328.523709 -48.723945 
328.572616 -48.836898 
329.288831 -49.752394 
329.655813 -50.128877 
329.680095 -49.484576 
329.479109 -49.535586 
330.478036 -49.626858 
330.497943 -49.865873 
330.580899 -50.073776 
331.262821 -49.003668 
330.688430 -49.028635 
331.135912 -49.400210 
330.601054 -49.498452 
331.002422 -48.247945 
331.092618 -48.431638 
331.219215 -48.442061 
331.043030 -50.346883 
331.448762 -50.351272 
331.335155 -50.484036 
331.279911 -50.481089 
331.755207 -50.523889 
331.300847 -50.591776 
331.679463 -50.775272 
331.270004 -49.666768 
332.063953 -49.763707 
332.012885 -49.781868 
331.709693 -49.808913 
331.159756 -49.880400 
332.004321 -49.889940 
331.229121 -49.901496 
331.791988 -49.961501 
331.519109 -50.033667 
331.742941 -50.058837 
331.167600 -50.060585 
331.701098 -50.111138 
331.084974 -50.110152 
331.247502 -50.127735 
331.972526 -50.133511 
332.079017 -50.183187 
331.519612 -50.186641 
331.515780 -50.204924 
331.474047 -50.232490 
331.800784 -50.228255 
331.219049 -50.246341 
331.217652 -50.246334 
331.537107 -50.276922 
332.336270 -49.063795 
331.903392 -49.066188 
332.012890 -49.212438 
331.519283 -49.325647 
331.519907 -49.357615 
331.907204 -49.356483 
331.692330 -48.705115 
331.998810 -48.844861 
332.767573 -50.352486 
332.437787 -50.517932 
332.185455 -50.656702 
332.015653 -51.014486 
332.883894 -49.669359 
332.162932 -49.734249 
332.162298 -49.734455 
332.425231 -49.888018 
333.132060 -49.902998 
332.353567 -49.922251 
332.363578 -50.004128 
332.153946 -50.050175 
332.152040 -50.085426 
334.269346 -49.697514 
334.166494 -49.855856 
333.986619 -49.968179 
333.863862 -48.929445 
333.965865 -48.999906 
334.586054 -49.149056 
334.429486 -49.192608 
333.966920 -49.244995 
334.181853 -49.301945 
334.181593 -49.301787 
334.285948 -49.435480 
334.342528 -48.208283 
334.230433 -48.254058 
334.289194 -48.376475 
334.130393 -48.424137 
334.168996 -48.708908 
334.655615 -48.727527 
334.570266 -48.792383 
334.981049 -50.353863 
334.969414 -50.488509 
335.201845 -50.900207 
334.764032 -49.758761 
335.042576 -49.792197 
334.642006 -49.889475 
335.165450 -49.910610 
334.998956 -49.965443 
335.360994 -49.966322 
334.641411 -49.976479 
335.064631 -50.118772 
334.444414 -50.310374 
335.419611 -49.212759 
334.672880 -49.276891 
334.932781 -49.405701 
334.956378 -49.449408 
335.371581 -49.502204 
335.551311 -49.559336 
335.040917 -48.766059 
335.273707 -48.812610 
335.077782 -48.883385 
335.685478 -50.943535 
335.865010 -49.232177 
335.867725 -49.236179 
336.331010 -49.641721 
335.592645 -49.676866 
336.352299 -49.916175 
335.651723 -50.014618 
335.649721 -50.019122 
336.258243 -50.024361 
337.128272 -48.904825 
337.055754 -49.295221 
337.385740 -49.435899 
337.712717 -48.371266 
337.432140 -48.380390 
337.562110 -48.491361 
337.481540 -48.511838 
337.922788 -48.823531 
338.126057 -49.967556 
338.001891 -49.993057 
337.992116 -50.156358 
337.952656 -50.407539 
338.452656 -50.776199 
338.413572 -48.915132 
338.347180 -49.196723 
338.347579 -49.197172 
338.846673 -49.199594 
338.827831 -49.419411 
338.226777 -49.516588 
338.228923 -49.516886 
338.329237 -48.684025 
338.714990 -50.316331 
338.965613 -50.894822 
338.802581 -50.976324 
340.704679 -49.825618 
340.400515 -49.377554 
341.452449 -49.259722 
341.450035 -50.026828 
341.859152 -50.260378 
341.925927 -50.267225 
342.254474 -49.656204 
342.453919 -50.133326 
342.286906 -50.310505 
343.841385 -48.503153 
343.951376 -48.866874 
343.568427 -49.230114 
343.942421 -49.361648 
343.716961 -49.581927 
343.714999 -49.635258 
343.865206 -49.747721 
344.337984 -50.007204 
345.407005 -49.307772 
344.836127 -49.980127 
344.623883 -48.706077 
345.618947 -50.562723 
346.106479 -50.773040 
345.929173 -50.779047 
345.573799 -49.123458 
345.946336 -49.526486 
346.115263 -49.692262 
346.093224 -49.793399 
346.503708 -50.094864 
346.488149 -50.099409 
347.241900 -48.856112 
347.345643 -48.936476 
347.347000 -49.240789 
346.828574 -49.257451 
346.888425 -49.264824 
347.706212 -49.359790 
347.658456 -49.491985 
347.267309 -49.694814 
347.557297 -49.743617 
347.620614 -49.747659 
347.353905 -49.945545 
348.302986 -49.678561 
348.076120 -49.916528 
347.830063 -49.932239 
347.828477 -49.932024 
347.798842 -50.072630 
347.797433 -50.074704 
347.873848 -50.145051 
348.151244 -48.978996 
348.250931 -49.098017 
347.776427 -49.182727 
348.302886 -49.236667 
349.045743 -49.727609 
349.808104 -49.824513 
349.650102 -49.932659 
349.535501 -50.107227 
349.531273 -50.217525 
348.996426 -50.393348 
350.314746 -48.651699 
350.306138 -48.652856 
350.909362 -48.677806 
350.247422 -49.735825 
350.877844 -50.113198 
351.909248 -49.074502 
351.620999 -49.379100 
351.538737 -49.516422 
351.102282 -49.531762 
351.529928 -50.110508 
352.972426 -50.032221 
353.029781 -50.564786 
353.670706 -48.224136 
353.681340 -48.241156 
353.847213 -48.535716 
353.737840 -48.534493 
353.845576 -48.704652 
354.145258 -48.728618 
353.898775 -49.303941 
354.188541 -49.661208 
