334.810194 -51.898363 
334.542047 -51.987263 
334.679851 -52.445855 
334.363653 -52.452552 
334.194909 -50.555372 
334.803526 -50.689521 
335.346664 -51.840780 
335.911580 -51.133690 
335.913463 -51.135341 
335.915637 -51.136885 
336.383074 -50.450137 
336.552005 -49.942121 
336.423464 -50.456097 
336.803483 -50.634463 
336.700156 -50.699248 
336.920332 -50.730125 
337.194528 -50.738540 
337.136610 -50.894119 
336.942179 -50.908810 
336.862381 -51.035945 
336.928551 -51.163374 
336.307696 -51.207479 
337.284054 -51.210880 
336.440479 -51.657990 
337.282830 -51.739685 
336.982943 -50.039748 
337.090779 -50.095374 
337.106211 -50.093846 
337.568862 -50.286442 
337.467699 -50.292372 
337.963640 -52.512575 
337.582250 -51.561529 
338.059431 -51.653745 
338.029974 -52.173638 
338.253413 -52.411351 
338.541596 -52.407076 
338.515943 -52.489824 
338.675845 -51.638336 
339.367387 -51.240831 
339.900733 -50.001884 
339.787240 -50.147761 
340.171614 -51.096852 
340.401797 -51.327255 
339.985541 -49.836765 
339.977958 -49.875724 
340.682928 -50.502161 
340.838632 -50.848790 
340.800675 -52.053306 
341.695416 -52.260656 
341.407213 -51.074845 
342.379688 -51.244724 
342.615030 -51.313312 
341.974161 -52.046380 
341.986076 -52.109930 
341.955740 -52.636846 
343.064255 -50.562397 
342.912355 -50.838785 
343.653613 -51.060645 
343.671591 -51.462644 
343.115392 -51.483231 
343.753217 -51.724107 
343.955358 -50.090056 
344.565836 -51.753246 
344.278748 -51.812291 
344.432622 -51.910764 
344.990224 -52.465576 
345.318017 -50.893197 
344.517288 -51.281702 
345.343331 -51.563718 
344.722810 -51.579390 
346.369018 -50.737205 
347.344984 -50.098742 
346.778320 -50.404534 
346.775477 -50.405926 
346.603944 -50.438403 
346.730556 -50.462099 
346.534822 -50.662395 
346.847838 -50.811605 
347.163610 -50.900089 
346.877588 -50.954268 
346.730172 -50.996081 
347.265042 -51.026668 
347.387841 -51.598845 
347.819401 -50.598606 
347.967729 -50.627115 
347.912688 -50.668111 
347.776540 -50.686347 
348.513248 -50.986488 
348.418291 -51.648330 
348.171685 -52.082779 
348.967042 -51.040412 
349.869550 -50.300965 
350.679589 -50.482410 
350.516724 -50.524340 
350.319757 -50.763651 
351.046256 -51.225944 
351.057706 -51.227821 
351.049041 -51.229826 
350.698099 -51.724546 
351.633433 -50.603016 
351.162510 -51.429094 
352.039022 -51.585706 
351.731024 -52.253364 
351.979654 -52.340642 
352.350618 -52.201278 
353.153409 -50.943914 
353.129408 -51.235107 
354.060751 -50.179489 
353.321551 -50.304602 
353.560221 -50.706046 
354.290826 -51.307004 
353.901248 -51.356024 
353.819097 -51.370284 
354.203766 -51.632111 
354.318110 -51.717432 
355.360304 -51.046308 
355.439250 -51.212588 
355.093116 -51.296543 
355.092249 -51.296136 
355.494678 -51.492387 
355.006893 -51.790263 
355.096784 -52.045731 
355.022102 -52.080065 
355.584645 -52.123647 
356.160712 -51.697067 
356.344679 -51.777986 
356.427304 -52.314232 
356.875106 -50.227551 
356.957593 -50.277319 
357.343212 -50.789758 
356.778076 -50.878879 
357.543683 -50.936031 
357.216143 -51.074502 
357.149264 -51.107766 
357.469671 -51.263604 
357.832807 -50.399080 
357.836467 -50.525430 
358.777513 -50.922794 
358.409436 -50.928193 
358.112090 -51.108332 
358.584233 -51.146775 
359.249869 -52.030907 
358.522566 -52.108167 
359.070026 -52.395141 
359.696384 -51.591098 
0.093664 -52.839839 
0.536621 -52.888351 
0.217550 -53.010017 
0.767891 -53.478013 
0.676322 -53.988275 
1.294986 -52.428385 
1.802111 -52.624910 
1.806827 -52.627182 
0.870912 -52.939654 
1.636821 -53.022584 
0.943260 -53.030733 
0.772253 -53.121462 
0.899606 -53.145989 
0.946891 -53.162231 
1.164459 -53.451713 
1.789250 -53.505335 
1.334726 -53.630753 
2.558063 -51.752919 
2.576066 -51.742242 
2.216992 -52.057909 
1.813916 -52.332097 
1.939914 -52.610582 
1.810270 -52.617543 
1.816085 -52.632070 
1.938108 -52.806085 
2.226247 -52.959321 
2.384694 -53.320410 
2.899895 -51.518409 
2.979280 -51.756144 
2.981386 -51.831432 
3.290055 -51.886895 
2.934262 -51.901721 
3.524634 -52.114471 
3.022599 -52.718156 
3.709969 -53.215631 
3.799349 -53.217154 
4.224116 -53.436049 
3.904164 -53.763794 
4.999657 -52.196572 
5.041989 -52.305997 
4.482601 -52.781193 
4.226153 -52.793984 
4.227971 -52.794572 
4.228726 -52.795797 
4.242682 -52.804634 
4.323813 -52.813108 
4.852845 -53.525702 
4.925585 -53.799330 
5.819345 -52.386122 
5.807106 -52.733357 
5.950551 -52.772209 
6.247274 -52.885483 
6.060880 -53.249792 
6.458364 -51.482444 
6.401193 -52.275921 
6.799010 -52.399970 
6.729542 -52.509255 
7.444008 -53.158233 
7.617942 -53.349383 
7.782909 -53.614306 
7.788991 -53.613555 
7.790310 -53.613341 
7.504541 -53.647549 
7.553402 -53.864778 
8.327881 -52.319444 
9.484962 -51.911305 
9.433614 -52.109260 
8.875857 -52.183585 
10.006301 -52.658178 
9.366033 -53.434239 
10.181189 -51.755635 
10.121979 -52.169209 
9.851522 -52.203226 
10.379882 -52.348701 
10.716386 -52.504239 
10.880752 -52.830570 
11.450366 -53.247404 
11.099216 -53.492658 
11.284528 -53.735424 
11.285607 -53.735616 
11.847482 -52.545305 
12.183885 -53.122024 
11.896804 -53.203589 
12.134954 -53.223931 
12.137777 -53.319223 
12.537880 -53.631409 
12.405613 -52.169779 
13.612052 -52.487975 
13.617380 -52.629747 
13.533224 -52.803812 
13.135530 -52.810982 
13.332226 -52.843947 
13.525721 -52.981472 
12.507442 -53.069659 
13.591586 -53.131708 
13.258833 -51.989703 
13.360498 -52.163562 
13.409730 -52.189475 
13.859544 -52.233107 
13.835645 -52.277112 
13.457395 -52.432918 
14.012782 -52.453537 
13.646897 -52.461976 
13.888378 -52.588049 
14.287289 -52.606417 
13.928953 -52.647574 
13.740778 -52.735088 
13.911860 -52.749659 
14.247481 -52.773628 
13.723788 -52.784777 
14.284383 -52.815182 
14.096048 -52.848310 
13.924379 -52.855311 
13.638732 -52.971910 
13.756926 -53.004843 
13.712233 -53.084828 
15.148623 -53.444658 
14.779637 -53.728239 
15.345984 -52.669421 
14.838603 -52.811299 
15.661818 -53.019880 
15.678394 -53.669982 
16.020506 -53.688839 
16.371688 -51.833043 
16.130388 -52.044705 
16.383782 -52.172963 
16.288079 -52.343427 
16.986994 -52.658265 
16.386614 -52.995499 
17.584178 -51.966508 
17.340725 -52.003826 
16.869087 -52.063568 
17.427858 -52.563628 
17.601011 -52.573551 
17.292433 -52.895990 
18.307680 -52.662120 
18.553165 -52.593240 
18.738448 -52.670313 
19.061053 -52.733570 
19.515382 -52.775100 
19.524042 -52.776252 
18.439561 -52.857968 
18.951245 -53.887835 
19.001307 -53.957072 
19.183043 -52.402570 
20.700796 -52.660966 
20.452094 -51.751681 
20.615787 -52.410263 
20.939088 -51.644189 
21.431029 -52.581677 
21.752724 -52.925727 
22.360839 -52.562222 
22.098129 -52.633485 
22.353972 -52.624118 
22.643099 -52.640058 
22.306730 -53.159497 
22.741975 -54.017837 
23.311708 -51.859619 
23.355914 -52.239397 
22.835454 -53.722270 
24.077917 -51.715238 
23.641137 -51.739617 
23.775282 -52.604192 
24.214907 -52.126245 
24.118182 -52.237286 
24.790574 -52.306216 
24.264360 -51.644302 
26.049656 -53.289854 
26.473457 -52.658500 
26.149606 -52.765274 
26.415297 -52.961521 
26.609737 -52.993968 
27.000617 -52.024699 
26.558587 -52.143390 
26.553360 -53.272230 
26.574189 -53.492571 
26.715225 -52.865539 
27.363308 -52.877402 
26.894621 -52.890301 
26.740853 -53.057048 
27.141427 -51.898031 
27.991731 -52.104792 
27.487521 -53.220385 
27.888254 -52.779084 
29.413698 -52.579903 
29.869135 -52.776773 
29.003717 -52.933484 
29.934931 -52.988352 
29.833206 -53.116384 
29.988494 -53.969417 
30.412659 -51.916459 
30.387571 -52.002385 
30.418739 -52.034527 
29.818415 -52.161912 
30.445280 -52.235860 
30.354848 -53.449838 
30.434533 -52.707154 
30.564935 -52.787415 
30.515293 -53.006731 
31.414160 -51.835758 
30.742459 -52.056172 
31.324249 -52.170817 
31.197431 -52.224924 
31.293715 -52.325320 
31.175926 -52.371014 
31.368521 -52.423379 
31.408243 -53.282100 
30.931999 -53.654433 
31.783716 -52.659876 
31.444355 -52.754310 
31.970964 -52.837745 
32.748709 -53.155016 
34.354827 -53.422127 
34.328645 -53.468520 
33.758299 -52.721029 
35.209889 -52.050227 
34.924331 -51.703823 
34.765297 -53.309455 
34.693601 -53.341618 
35.087057 -53.380680 
34.864549 -53.386490 
35.064300 -53.430326 
36.432513 -53.252047 
36.776973 -52.707300 
36.529550 -53.050607 
37.561244 -51.931914 
37.128225 -52.040315 
37.236236 -52.412440 
37.710029 -52.534731 
37.710155 -52.534579 
38.194767 -52.012305 
38.544044 -52.105737 
38.580170 -53.432185 
38.595977 -52.586618 
38.758658 -52.694732 
38.536135 -52.809950 
38.891467 -52.146101 
40.276305 -53.187769 
40.711456 -52.671174 
40.353685 -52.223941 
41.189177 -51.613219 
41.126152 -54.009471 
41.390622 -53.301732 
40.899165 -53.398846 
41.657574 -53.586494 
41.416847 -52.479463 
41.327638 -52.640985 
40.905739 -52.838967 
41.383420 -52.896648 
41.768521 -52.946472 
41.286286 -52.999741 
41.499463 -53.033474 
41.207518 -53.049199 
41.829952 -53.100651 
41.760032 -51.898169 
41.460217 -51.440818 
42.002888 -53.325981 
42.380042 -52.532935 
42.754536 -52.710567 
42.041270 -52.724372 
42.000718 -52.721492 
42.264548 -52.800868 
42.670762 -52.989956 
42.804267 -53.022227 
42.763669 -53.046347 
44.026988 -53.447654 
43.541979 -52.761258 
43.395400 -52.796186 
44.000780 -53.143841 
44.305039 -53.149037 
44.687686 -51.669541 
44.607328 -54.011295 
44.434677 -52.651124 
44.677706 -52.645263 
44.563426 -52.727159 
45.202844 -52.906977 
44.903768 -52.903377 
45.330541 -52.984715 
44.785562 -51.827405 
45.124721 -51.836162 
44.935518 -51.850919 
44.918189 -51.883444 
45.588916 -51.898134 
44.577310 -52.162413 
44.965064 -52.262443 
45.205358 -51.708379 
45.479940 -53.280937 
46.036940 -52.645539 
46.400673 -52.818986 
46.681189 -52.902904 
45.637927 -52.922416 
45.546606 -53.060847 
46.026747 -53.082499 
45.997111 -52.209087 
46.000753 -52.347227 
47.591981 -53.253348 
47.590958 -53.317053 
47.533550 -52.691707 
47.608071 -52.754202 
47.394982 -52.822490 
47.718407 -53.009283 
47.700860 -53.009464 
48.173390 -52.682327 
48.174246 -52.683914 
48.843708 -52.757060 
47.886533 -52.767820 
48.981515 -52.796080 
48.058939 -52.811404 
48.851922 -53.050715 
48.091927 -53.075192 
47.983866 -53.167547 
47.993263 -53.167570 
47.962075 -53.176229 
47.923247 -53.242064 
48.083225 -53.307289 
48.113454 -53.395333 
47.996574 -53.444070 
48.724305 -53.768245 
48.202599 -51.871910 
48.156485 -52.011822 
48.858637 -52.297620 
48.911491 -53.366921 
49.146314 -53.448338 
49.642847 -52.773079 
49.643750 -52.775025 
49.513563 -52.850800 
49.514398 -53.069323 
49.088529 -53.105583 
51.433404 -52.112465 
51.312416 -52.172088 
51.064420 -52.869282 
50.841506 -53.075293 
51.223095 -53.086184 
52.424860 -53.286181 
51.793783 -53.355798 
52.201655 -53.386067 
51.972925 -53.431627 
51.856976 -53.488653 
51.565355 -53.546257 
52.409657 -53.741803 
52.133861 -51.756790 
52.472896 -51.848035 
52.010885 -51.850906 
51.691388 -51.962617 
52.015877 -52.059391 
51.579801 -52.184954 
52.515269 -52.248426 
51.974290 -52.402865 
52.683634 -52.448936 
51.837029 -52.489882 
52.493297 -52.524808 
51.949120 -52.682980 
52.588141 -52.699547 
52.412317 -52.706779 
52.163500 -52.769112 
