327.201931 0.404962 
326.984479 0.395990 
326.978511 0.393269 
326.975970 0.392331 
326.983349 0.395583 
326.982865 0.394754 
326.983758 0.395604 
326.981829 0.392820 
326.981372 0.394699 
326.979254 0.394281 
326.979177 0.392833 
328.003635 0.332663 
327.919991 0.308579 
327.627330 0.206179 
327.626907 0.207395 
327.627573 0.202006 
327.624021 0.196557 
327.480425 0.151404 
327.481483 0.150226 
327.683437 0.090562 
327.683734 0.091177 
327.683769 0.087963 
327.720849 0.079628 
328.099438 -0.000389 
327.784323 -0.048011 
327.784426 -0.047331 
327.787108 -0.049408 
327.773894 -0.050679 
327.774939 -0.050532 
327.784319 -0.051033 
327.785335 -0.052370 
327.768677 -0.054285 
327.768257 -0.054743 
327.804385 0.829887 
327.843460 -0.400621 
328.019697 -0.875905 
327.612638 -0.876825 
327.613331 -0.876513 
327.763406 -0.952436 
328.580132 0.301096 
328.624390 0.263269 
328.436699 0.025273 
328.793567 -0.210056 
328.796359 -0.212003 
328.220979 -0.313341 
329.717719 0.015048 
329.737452 -0.550615 
329.897526 -0.636857 
330.961334 0.199013 
330.843312 -0.414773 
330.831475 -0.508489 
330.452025 -0.942653 
331.659816 0.064533 
331.571995 -0.115660 
331.087788 -0.180981 
332.218740 0.032187 
332.316959 0.001318 
332.400579 -0.211022 
332.399173 -0.211401 
332.382333 -0.304783 
333.125655 0.296401 
333.124281 0.295226 
333.097859 0.099072 
332.949237 0.076085 
333.057284 -0.074389 
333.125320 -0.189093 
333.048012 0.674357 
332.934324 -0.418996 
333.083100 -0.445531 
333.095900 -0.518128 
333.094446 -0.518785 
332.770861 -0.611829 
333.162130 -0.688726 
333.162910 -0.687577 
333.106681 -0.764033 
333.163513 -0.959792 
333.798742 0.089300 
333.432726 -0.194417 
333.705431 -0.221939 
333.651870 -0.237172 
333.811669 -0.251840 
333.223877 0.949792 
333.244722 0.795816 
333.674093 0.738906 
333.201353 -0.489965 
333.186342 -0.517206 
334.118455 0.000546 
334.257953 -0.145534 
334.126094 -0.412331 
335.098077 0.310262 
335.159995 -0.069633 
335.942395 -0.193039 
335.472175 -0.275966 
336.008332 1.039522 
335.778148 0.880935 
335.678257 0.814513 
335.420802 0.575024 
335.898888 -0.406868 
335.898042 -0.671600 
335.766957 -0.745884 
335.687861 -0.832247 
336.320438 0.060558 
336.356298 -0.232049 
336.351794 -0.233853 
336.500980 -0.277780 
336.396030 0.708140 
336.467876 0.706983 
336.339314 0.652549 
336.721917 0.423715 
336.721330 0.422299 
336.517143 0.421633 
336.123187 -0.627217 
336.605210 -0.671207 
336.485017 -0.858749 
336.865002 0.265581 
337.284674 0.010924 
337.305539 0.000660 
337.173161 -0.059311 
336.974615 -0.102206 
336.991987 -0.116733 
337.682340 0.148930 
338.004942 0.018737 
338.075126 0.469941 
338.550023 0.328640 
338.817614 0.895225 
338.771469 0.667923 
338.679027 0.659130 
338.366352 0.603728 
338.442542 0.545907 
338.244328 0.387456 
338.812211 1.094653 
338.335155 -0.364595 
338.502004 -0.652871 
339.167396 0.340538 
339.330301 0.264439 
339.529641 0.225735 
339.260112 0.837806 
339.011388 0.713978 
339.463198 0.520324 
338.930499 0.455522 
339.116618 0.374085 
339.262463 -0.687157 
338.990414 -0.920989 
339.740223 0.133421 
339.887878 -0.154939 
339.792952 -0.438608 
339.791036 -0.438967 
341.198762 0.249301 
341.172013 0.191555 
341.485819 0.010239 
341.331460 -0.070243 
341.187291 -0.087081 
341.063406 -0.163583 
341.078060 -0.166172 
341.188380 -0.192207 
341.710963 1.068084 
341.652514 1.044860 
341.177503 0.593740 
341.423263 0.519308 
341.371540 0.436239 
341.114188 -0.504037 
341.569466 -0.648898 
341.453590 -0.847981 
342.377176 0.359452 
342.342610 0.227072 
342.410838 -0.127960 
341.785061 -0.312512 
342.025415 0.650037 
341.795286 0.587264 
342.095176 0.400529 
341.826256 -0.360676 
342.396217 -0.341434 
342.209723 -0.502561 
342.207826 -0.500728 
342.375513 -0.629689 
342.599847 0.293732 
342.844063 0.032205 
342.607789 -0.086429 
342.490536 0.522000 
342.628506 0.379008 
343.500894 0.289681 
343.266753 0.045514 
343.454789 -0.038153 
343.618660 0.389475 
344.563606 0.127138 
344.566040 0.133969 
344.564034 0.128880 
344.561341 0.132095 
344.561897 0.132231 
344.562435 0.131107 
344.566851 0.126005 
344.562860 0.131257 
344.564606 0.123532 
344.459746 -0.221814 
344.391199 0.923895 
344.461629 0.682121 
344.404002 0.522199 
344.330164 0.506403 
344.544378 1.138260 
344.116943 -0.468216 
344.521565 -0.463660 
344.632358 0.141203 
344.695916 0.138563 
344.621563 0.133991 
344.622008 0.134270 
344.621047 0.134384 
344.702930 0.133544 
344.637923 -0.001669 
344.803312 -0.019519 
344.803915 -0.233454 
344.895890 -0.245162 
344.984443 0.686427 
345.301951 0.508911 
345.523271 -0.305901 
346.589310 0.183861 
346.337617 -0.152617 
346.647916 0.384675 
347.197820 0.355123 
347.203530 0.241686 
347.198493 -0.483963 
346.840027 -0.516412 
346.789357 -0.669928 
347.414362 -0.741424 
347.321610 -0.800089 
347.301811 -0.942772 
347.948748 0.332323 
348.154371 0.051482 
347.509323 1.045095 
347.988256 0.524808 
348.009922 -0.387755 
347.995822 -0.593784 
347.747683 -0.671063 
347.610605 -0.694864 
348.229380 0.365495 
348.267163 0.288876 
348.419833 0.144455 
349.558036 0.270950 
348.927285 0.106714 
349.597347 0.610595 
349.695364 0.348331 
349.747789 0.309100 
349.780055 0.152882 
350.133794 -0.129598 
350.112556 -0.306248 
350.082351 1.061279 
350.169380 0.827851 
350.176931 0.826427 
349.946947 0.767664 
350.216929 0.677159 
350.286918 0.460943 
350.033681 0.404353 
350.714916 0.227881 
350.745999 -0.003312 
350.568873 -0.028025 
350.350296 -0.035001 
350.947011 -0.155891 
350.679112 0.669976 
350.846657 0.544447 
350.358306 0.464971 
350.840479 -0.349075 
350.898822 -0.345092 
350.900221 -0.344021 
350.598624 -0.539878 
350.878848 -0.562652 
350.366435 -0.693132 
350.439678 -0.909388 
351.137198 0.327023 
351.179060 0.244956 
351.277990 0.026248 
351.278232 0.024749 
351.278921 0.025524 
351.278827 0.024896 
351.254941 -0.067821 
351.251739 -0.103710 
351.139886 -0.290905 
352.300933 -0.293506 
352.363890 0.592721 
352.800509 0.257100 
352.678502 0.232795 
352.497581 0.146187 
352.624607 0.124619 
352.623997 0.125361 
352.560583 -0.031194 
352.975611 -0.213613 
353.087034 0.394214 
353.024210 1.113782 
353.103648 -0.585796 
352.974078 -0.635635 
353.504594 0.212463 
353.232358 0.710817 
353.508701 0.578598 
353.360668 -0.357574 
354.277315 -0.060010 
354.433925 0.035135 
354.913747 0.368495 
354.909453 0.022563 
354.899268 -0.336954 
355.029139 -0.506945 
355.028412 -0.505723 
355.787584 0.275807 
355.485230 0.177687 
355.907624 0.644610 
356.002071 0.445306 
355.397968 0.432921 
355.807517 1.126070 
355.597957 -0.613504 
355.839276 -0.698723 
356.265459 0.185994 
356.076694 0.001032 
356.390162 -0.122059 
356.439717 -0.207283 
356.053181 0.820618 
356.053705 0.821004 
356.050801 0.591615 
356.278395 0.530231 
356.488164 0.473377 
356.158483 -0.690382 
356.158235 -0.689668 
358.053623 0.088406 
358.053761 0.087382 
357.868494 -0.458602 
357.823712 -0.463384 
358.863269 0.324273 
358.615832 0.322258 
358.497433 0.454250 
358.567128 -1.136063 
358.935514 0.332707 
359.313421 0.241933 
359.299872 -0.019996 
359.186943 -0.306686 
359.095703 -0.336801 
359.489695 -0.330156 
359.035084 0.614076 
359.115912 0.605994 
359.084236 -0.361916 
359.702495 0.195419 
359.718290 -0.128995 
0.147409 -1.770592 
359.762772 -2.003113 
359.765758 -2.012920 
359.975818 -2.042774 
0.741740 -0.878401 
0.751068 -0.897794 
0.449983 -1.911706 
0.447355 -1.914025 
358.818041 -1.137625 
358.859738 -1.268327 
359.211246 -0.752410 
359.047164 -0.924186 
359.047556 -0.924960 
359.127551 -0.994118 
359.359013 -1.127564 
358.977843 -1.180790 
358.945880 -1.259910 
358.962032 -1.450552 
359.059862 -1.572545 
359.356060 -1.610465 
359.330857 -1.620922 
0.108143 -0.220705 
359.638579 -0.384589 
359.989331 -0.599254 
359.886486 -0.880669 
0.133151 -1.211122 
0.104315 -1.249229 
0.043679 -1.513285 
0.028355 -1.584792 
1.664696 -1.356377 
2.156667 -0.593484 
2.300903 -0.611941 
2.188110 -1.603832 
2.451783 -1.626362 
2.295058 -1.677529 
2.343394 -1.837604 
2.459005 -1.858232 
2.346837 -1.866045 
2.544392 -0.238224 
2.467566 -0.297449 
2.469816 -0.355116 
2.481430 -0.636245 
2.784228 -0.829616 
2.867205 -1.131077 
2.571096 -1.154469 
2.808064 -1.276768 
2.822686 -1.321699 
2.787076 -1.411305 
3.532676 -0.848935 
3.824256 -1.009762 
3.677969 -1.014905 
3.373081 -1.034251 
3.586657 -1.117670 
4.048331 -1.090876 
4.502064 -1.312617 
4.494452 -1.315005 
5.166526 -0.466180 
5.020424 -0.733207 
5.195055 -1.053469 
4.958264 -1.152931 
4.889180 -1.254040 
5.173007 -1.837325 
5.747347 -0.164177 
5.497291 -0.374391 
5.783662 -0.684185 
5.937832 -0.735093 
5.685748 -0.781139 
5.661943 -0.912953 
5.597230 -1.308732 
5.850627 -1.351848 
5.632106 -1.345447 
6.045695 -1.590569 
5.738848 -1.609669 
5.738081 -1.608950 
5.948660 -1.677770 
5.920083 -1.675555 
5.760065 -1.736692 
5.788523 -1.776705 
5.917662 -2.026585 
6.150203 -0.723980 
6.526551 -0.815652 
6.443912 -0.818357 
6.602191 -1.158438 
6.401389 -1.264238 
6.630047 -1.330322 
6.606913 -1.549406 
7.343181 -1.288664 
7.676567 -0.798850 
7.565995 -0.798548 
7.876027 -0.928193 
7.469977 -0.975237 
7.469078 -0.974076 
7.724298 -1.013977 
7.631224 -1.357800 
7.498597 -1.374667 
7.559434 -1.445370 
8.406549 -0.582461 
8.467483 -0.612479 
8.263497 -0.634255 
8.722911 -0.637406 
8.222769 -0.683412 
8.803643 -0.725881 
8.534796 -0.946082 
8.176660 -0.974110 
8.517766 -1.271501 
8.392792 -1.335364 
8.420230 -1.539135 
8.450037 -1.708684 
8.618471 -1.780993 
8.267438 -1.827284 
8.493760 -1.839180 
8.385576 -1.900018 
8.642500 -1.901807 
8.521631 -2.159665 
8.918741 -0.554921 
9.270270 -0.973017 
9.488068 -1.305998 
9.417156 -1.459755 
10.803940 -0.884118 
10.466127 -1.242913 
10.615411 -1.398831 
10.615441 -1.398592 
10.728896 -1.446565 
10.686354 -1.616263 
10.426201 -1.640494 
10.425969 -1.640689 
10.865960 -1.665394 
10.599597 -1.700074 
10.887920 -1.734656 
10.571756 -1.769412 
10.635063 -1.820907 
10.634765 -1.815903 
10.638460 -1.820492 
11.383472 -0.627717 
11.421785 -0.943125 
11.551854 -1.023729 
11.526730 -1.161990 
11.333458 -1.310849 
11.241558 -1.353598 
11.665007 -1.449750 
11.498780 -1.707307 
11.100256 -1.912264 
11.291508 -1.994514 
12.121351 -1.062323 
12.901972 -1.251910 
12.902059 -1.251821 
13.154355 -1.336645 
13.697182 -0.782842 
13.877042 -1.014528 
13.894590 -1.138323 
13.377574 -1.376042 
13.857836 -1.387199 
13.686000 -1.478269 
13.742550 -1.513632 
13.827426 -1.523119 
13.884823 -1.667070 
13.759628 -1.713058 
13.709401 -1.963484 
13.894188 -2.068930 
14.427118 -0.368496 
14.111137 -0.565625 
14.284506 -0.675182 
14.527237 -0.763119 
