22.723427 -40.334553 
22.555177 -40.356187 
22.364217 -40.757243 
21.859838 -40.830941 
22.359306 -40.994349 
22.465474 -41.002847 
22.061879 -41.177748 
22.626139 -41.261722 
22.562086 -41.392495 
22.836669 -39.214241 
22.887084 -39.237225 
22.827845 -39.291556 
22.871763 -40.087402 
23.461553 -40.230262 
23.125561 -40.349029 
23.092664 -40.758197 
24.258069 -40.018660 
24.376316 -40.122373 
24.303799 -40.480291 
24.511526 -40.502315 
24.579587 -40.728147 
24.377043 -40.725551 
24.574121 -40.729163 
24.587320 -40.739876 
24.878449 -41.054933 
25.103212 -39.003370 
24.807568 -39.489527 
25.081919 -39.510803 
24.567950 -39.804144 
24.944152 -39.927426 
25.284776 -39.982814 
24.445050 -40.004475 
25.439619 -41.021990 
25.280596 -41.208768 
25.267601 -38.981911 
26.138534 -40.630715 
26.166368 -40.650243 
26.271269 -40.727208 
26.221793 -40.735259 
26.397316 -39.919647 
27.342628 -40.323354 
27.786086 -40.000501 
27.750230 -40.176465 
28.198979 -41.458279 
29.122284 -40.335653 
28.468929 -40.681599 
28.927433 -40.846142 
30.339502 -39.365491 
30.548838 -39.383835 
30.787171 -39.646257 
30.444993 -39.840793 
30.374128 -40.523857 
30.589877 -40.529564 
30.444048 -40.610966 
30.459561 -40.948748 
30.868825 -39.402608 
31.416159 -41.082033 
30.640949 -41.411271 
31.002681 -41.443984 
30.902535 -41.524933 
31.805498 -39.705470 
31.765543 -39.987487 
31.398834 -40.120713 
31.135387 -40.244399 
31.851771 -40.650460 
31.640212 -40.699403 
32.168160 -40.251353 
33.306471 -39.578684 
33.240442 -41.178086 
33.252675 -41.206380 
32.970240 -39.619137 
33.234084 -40.204467 
33.365317 -40.253390 
33.780443 -41.756430 
33.213261 -40.422157 
33.486969 -40.608655 
33.869158 -40.660021 
33.822243 -39.039016 
33.590197 -39.239015 
33.590283 -39.238884 
33.534556 -39.315832 
34.025123 -39.453270 
33.469144 -39.477311 
34.006791 -39.551744 
34.141213 -41.198218 
33.843602 -41.509685 
33.851829 -41.690466 
34.587288 -39.974866 
34.187581 -40.427279 
34.464880 -40.554932 
34.558075 -40.585494 
35.442456 -40.026710 
35.710615 -40.476079 
35.578205 -40.529116 
35.921254 -40.949157 
36.275995 -39.681540 
36.173571 -39.972318 
35.753445 -40.179491 
36.304162 -40.411152 
36.300698 -40.412031 
36.301335 -40.412693 
36.300437 -40.413575 
36.315074 -40.444958 
36.801700 -41.210418 
36.565547 -41.745374 
36.727707 -39.965264 
38.538636 -40.450570 
38.452539 -39.709223 
38.774396 -40.016367 
38.438590 -40.307287 
39.567247 -40.509271 
39.537011 -40.865358 
39.387135 -39.802794 
40.216747 -39.822219 
40.108771 -39.899989 
40.107005 -39.901547 
39.347462 -40.261660 
39.939013 -40.373939 
39.849759 -40.620334 
39.766770 -40.696122 
39.776356 -40.934455 
40.057297 -39.577180 
40.625135 -40.105250 
40.717921 -40.168847 
41.473315 -40.329144 
41.751093 -39.754262 
41.237943 -40.085643 
41.971397 -39.050032 
41.863684 -39.403965 
41.762713 -39.436193 
42.055733 -40.584275 
41.847185 -40.595705 
41.845481 -40.594789 
41.847620 -40.597489 
41.783135 -40.669661 
41.858418 -40.873814 
41.762811 -40.914096 
42.483839 -40.038159 
42.798233 -41.060850 
42.673484 -41.129933 
42.985117 -40.682952 
43.209933 -39.926043 
43.209686 -39.925660 
44.416004 -40.610038 
44.920499 -39.702318 
44.194713 -40.217893 
44.173204 -40.254019 
45.399612 -39.457760 
44.531923 -39.531998 
44.632241 -40.355621 
45.290609 -40.408496 
44.515085 -40.567313 
45.070612 -40.609804 
45.394386 -39.607210 
45.036217 -39.689426 
45.014447 -39.772647 
45.203583 -39.858585 
45.468915 -39.892136 
45.837131 -39.952435 
45.524224 -39.985431 
44.933163 -40.227166 
45.498033 -40.250978 
45.492919 -40.258371 
44.969483 -40.260966 
45.483328 -41.232345 
45.689409 -39.507140 
46.087352 -40.328500 
45.942546 -40.383979 
45.440052 -40.443626 
45.766492 -40.924465 
45.911855 -39.857654 
46.965285 -40.424320 
46.974481 -40.431115 
47.038375 -40.617499 
46.974110 -40.632820 
46.939239 -40.755630 
47.076883 -40.915262 
47.597764 -39.626685 
47.660453 -39.727737 
47.475355 -39.965163 
47.189993 -39.978988 
46.829477 -39.987570 
47.548987 -39.997907 
47.284585 -40.105950 
46.822425 -40.113730 
47.431452 -41.045956 
47.431700 -41.049062 
47.428281 -41.056480 
47.413528 -41.056438 
47.354873 -41.082441 
47.353831 -41.083610 
47.465512 -41.303772 
47.953478 -39.040229 
47.892240 -39.116999 
48.204428 -39.197274 
47.645131 -39.553130 
47.874727 -40.437361 
47.455844 -40.692072 
47.737645 -40.721619 
47.381225 -40.789081 
47.404942 -40.819352 
48.638993 -39.916416 
47.816200 -39.956854 
48.500274 -40.288671 
48.607614 -40.594044 
48.787021 -40.668590 
48.452767 -40.705530 
50.027838 -39.448047 
49.907355 -40.421091 
50.152862 -39.917748 
49.857834 -40.062598 
49.857029 -40.063624 
50.222268 -40.224442 
50.060857 -40.256651 
50.395589 -41.195592 
50.226240 -41.220914 
50.484908 -41.291369 
50.180535 -39.178173 
50.521249 -39.198640 
50.180990 -39.218574 
50.179800 -39.296003 
50.944076 -39.553098 
50.900362 -39.601940 
50.549756 -40.336437 
50.272813 -40.490443 
50.559431 -40.609245 
50.950996 -41.025087 
50.752967 -38.835561 
51.328190 -39.891330 
51.146135 -40.221867 
50.742406 -41.095494 
50.733650 -41.397290 
50.606909 -41.420723 
50.746493 -41.554968 
51.069828 -39.264784 
51.594127 -40.495474 
51.120973 -40.637607 
51.044547 -41.016791 
51.776197 -40.214759 
52.324906 -39.942045 
52.277791 -40.054334 
52.672226 -40.711531 
53.271931 -41.559306 
53.290188 -38.963207 
53.359121 -39.016413 
53.619511 -39.044679 
53.451862 -39.056904 
53.399655 -39.072157 
53.221837 -39.081628 
53.165127 -39.150967 
53.574852 -39.522145 
53.666991 -39.528449 
53.695375 -40.652082 
53.671557 -40.716274 
53.369213 -40.791862 
53.567806 -38.857066 
53.324686 -38.867862 
54.148298 -39.769280 
54.155142 -39.775039 
53.650749 -39.794772 
54.068595 -39.832987 
54.135878 -39.900280 
53.975195 -39.919957 
53.707613 -40.173714 
54.165186 -40.242833 
53.471410 -41.574580 
54.514338 -40.326130 
53.914844 -40.497365 
54.047089 -40.591227 
54.180193 -40.637613 
54.078241 -40.736579 
53.892427 -40.795464 
54.277560 -39.789882 
54.323658 -39.861018 
54.323994 -39.861233 
54.338574 -40.264968 
55.274324 -40.526385 
55.610648 -40.813249 
55.342628 -39.800093 
55.964762 -39.991392 
55.235952 -40.016341 
55.513740 -40.068738 
56.032170 -41.073996 
55.992847 -41.095351 
56.246922 -41.131439 
56.240135 -41.135268 
56.239888 -41.134515 
56.067758 -41.196576 
56.162304 -41.239570 
56.075080 -41.484185 
56.334279 -39.181527 
56.440264 -40.333455 
56.189806 -40.641598 
56.129490 -40.674475 
56.129770 -40.674718 
56.457386 -40.754912 
56.617304 -41.016572 
56.885326 -39.635162 
56.204576 -39.838462 
56.539513 -39.848748 
56.477146 -40.198762 
56.475418 -40.200603 
56.568147 -39.314688 
56.746679 -39.519872 
56.713988 -39.576719 
56.345106 -41.264913 
56.881790 -40.494635 
56.933027 -40.542440 
57.925650 -40.193722 
58.402154 -40.311821 
58.901890 -39.362387 
58.490278 -39.589352 
58.844621 -40.348103 
59.044310 -39.618719 
59.370919 -39.855111 
59.707850 -39.956800 
59.706149 -39.956873 
59.030862 -40.036380 
59.487350 -40.061157 
59.749694 -40.127619 
59.218610 -40.150465 
59.012029 -40.148528 
59.060853 -40.163395 
59.469506 -39.578450 
59.904496 -40.765826 
60.300760 -40.126522 
60.400281 -40.218055 
60.097432 -40.314332 
61.248397 -40.491762 
61.080844 -40.228887 
61.639465 -39.215993 
62.263097 -40.450950 
62.256220 -40.934349 
62.066174 -41.026253 
62.481741 -39.621037 
62.468963 -39.811217 
62.373694 -41.163846 
62.805726 -39.803253 
63.883294 -40.625238 
63.901789 -40.646529 
63.729584 -40.117732 
63.588271 -40.280775 
64.576544 -39.019110 
64.884973 -40.345047 
64.629368 -40.868228 
64.873986 -40.252278 
64.873443 -40.252559 
65.356094 -40.379831 
65.476218 -40.573742 
65.684178 -40.619551 
66.123442 -40.255954 
66.702453 -40.343063 
66.738863 -40.755898 
67.280109 -40.254605 
67.482876 -39.072507 
67.347937 -39.176385 
67.263904 -39.181759 
67.277019 -41.099648 
67.455130 -40.643693 
67.263010 -40.989338 
67.981270 -39.685532 
68.026607 -39.679034 
67.674047 -39.846715 
67.735634 -39.188503 
68.127144 -41.074298 
67.960224 -41.132842 
68.127752 -40.985316 
68.533768 -40.133232 
68.591640 -40.183101 
68.591646 -40.183570 
68.561136 -40.186919 
69.135597 -40.093529 
69.326232 -40.615694 
69.549022 -40.677548 
69.684114 -39.697102 
69.764063 -39.765314 
69.872048 -39.961032 
69.153972 -40.047072 
70.061401 -40.289287 
70.283140 -39.326975 
70.075467 -41.056890 
69.954812 -41.267851 
70.026770 -41.300896 
70.094480 -40.846604 
70.781304 -40.947734 
70.804337 -39.648893 
70.611136 -39.758982 
70.909740 -40.031812 
70.920863 -40.030691 
70.406271 -40.260246 
70.883667 -39.324844 
70.982286 -39.423460 
70.519708 -39.503693 
70.425353 -39.526350 
70.732828 -41.048892 
70.597393 -41.262152 
71.078714 -40.910554 
72.228310 -40.328041 
72.416958 -40.080095 
73.126963 -40.683140 
73.266402 -40.782623 
73.145193 -40.920903 
72.896960 -40.085059 
73.317644 -40.108376 
73.338033 -40.111572 
73.235225 -39.156224 
73.839368 -39.972751 
74.095227 -39.996644 
75.521875 -39.945741 
74.870033 -39.950787 
75.608693 -39.981731 
75.180028 -40.025819 
75.104933 -40.122944 
75.475079 -40.122959 
75.329790 -40.547585 
75.384082 -40.601550 
75.470030 -40.688711 
75.550793 -40.518743 
75.581481 -40.614902 
76.209560 -40.733127 
75.520567 -40.778264 
75.837951 -40.978099 
75.669972 -41.037368 
75.651082 -41.379467 
75.732341 -39.930591 
76.368238 -40.032004 
76.279708 -40.124466 
76.358237 -40.122437 
76.100474 -39.064873 
75.967067 -39.325729 
75.862275 -39.429768 
76.329977 -39.583781 
76.503762 -40.826615 
76.418633 -41.166822 
76.616018 -39.771264 
76.901625 -39.936791 
78.447027 -39.738904 
77.994126 -39.861501 
77.970824 -39.901647 
78.068391 -40.203447 
77.676035 -40.437767 
77.669716 -40.517466 
77.949284 -40.805472 
78.151837 -40.854183 
78.564843 -38.981554 
78.465163 -39.169873 
78.397657 -39.508073 
78.603081 -41.095185 
79.047566 -41.280173 
78.522058 -41.547441 
78.674887 -41.628806 
78.795424 -40.706321 
79.074297 -40.838080 
78.994893 -41.018203 
78.662408 -38.970661 
78.972501 -39.247029 
78.965223 -39.337529 
78.755884 -39.425420 
78.656133 -39.494395 
79.518487 -40.159886 
80.894288 -40.886612 
81.366866 -39.535697 
81.176614 -39.752140 
80.595579 -40.017090 
81.471293 -39.754018 
81.423278 -39.909888 
81.628279 -39.917035 
81.425878 -39.912379 
81.663798 -40.497184 
81.263636 -40.561148 
82.008342 -40.594903 
81.359501 -40.940755 
81.358819 -40.938433 
81.427117 -41.076097 
81.613378 -41.302659 
81.621422 -41.571561 
81.901394 -39.236546 
81.887100 -39.581069 
82.336669 -40.440880 
82.578578 -40.447242 
82.389334 -40.473553 
82.090705 -40.694504 
83.761828 -40.501827 
83.922611 -39.646311 
83.912872 -39.772026 
84.479797 -40.342558 
84.360336 -40.373869 
84.785569 -40.381319 
84.736422 -40.447316 
84.843002 -40.543259 
84.849121 -40.550517 
84.762251 -41.114329 
84.634805 -41.147867 
84.770486 -41.183524 
84.697397 -41.298692 
84.536784 -41.338517 
84.363135 -41.400677 
84.507146 -41.649762 
84.419968 -38.885515 
84.274161 -38.955955 
