19.382745 4.011224 
19.888033 3.224631 
20.146589 3.145421 
19.865515 3.145509 
20.009999 3.014199 
19.812477 2.737928 
20.026645 3.936864 
20.325435 3.870888 
20.306193 3.864607 
20.376606 3.856434 
20.384901 3.671107 
19.999327 3.655933 
20.362450 3.640489 
20.062300 3.616650 
20.396272 3.563502 
19.901257 3.524753 
19.935785 3.495278 
20.076093 3.433148 
19.815396 3.434762 
20.080772 3.422758 
20.080912 3.417438 
20.078508 3.416538 
20.082744 3.416663 
20.078333 3.407192 
19.981405 3.401227 
19.981115 3.400407 
19.983696 3.381473 
20.009008 3.391932 
20.001598 3.390682 
20.000809 3.389362 
20.020725 3.388783 
20.000382 3.390201 
20.000462 3.388185 
20.002333 3.388837 
19.999685 3.388402 
20.002439 3.387700 
19.981379 3.384722 
19.858880 3.359779 
19.930556 3.246516 
19.848827 3.239896 
19.888337 4.498293 
20.490964 4.061103 
20.494654 3.971123 
20.731066 3.852530 
20.683117 3.678091 
20.681364 3.673775 
20.783037 3.483131 
20.781026 3.481502 
20.535036 3.466359 
21.759188 3.915225 
21.571634 3.347870 
22.188598 2.806652 
22.299099 2.772461 
22.130355 4.199020 
22.655060 4.107369 
22.524652 4.714691 
22.649441 2.578941 
22.814719 3.850176 
23.604193 3.778974 
23.604630 3.777980 
23.504572 3.769870 
23.501591 3.770534 
23.502891 3.771238 
23.597756 3.577030 
23.377450 3.269561 
24.047166 3.521342 
24.710175 3.771149 
24.194223 3.722743 
24.386458 3.619312 
24.498741 3.601758 
24.177956 3.500857 
24.803984 3.950347 
25.144692 3.882381 
24.815058 3.798098 
24.843069 3.537390 
25.054392 4.429196 
25.562174 4.426525 
25.459539 4.398836 
25.333064 4.381480 
25.479380 3.204789 
25.645594 2.929844 
26.160574 3.880350 
25.536662 3.750715 
25.814479 3.547740 
25.722486 3.497932 
25.762522 4.163658 
25.779653 4.127444 
25.869034 4.072788 
26.234129 3.648858 
26.665205 3.592833 
26.331683 3.335066 
27.375933 3.718897 
26.943690 3.431628 
27.708172 3.992835 
27.806873 2.907450 
27.753039 3.670367 
27.948867 3.450013 
27.898883 4.577738 
28.321356 4.085470 
28.166165 4.073116 
28.003373 3.980486 
28.918439 3.177755 
28.825825 3.858188 
28.805617 3.501703 
29.202929 3.788657 
29.089286 3.758694 
29.347447 3.696233 
29.422227 3.655372 
29.641940 3.542083 
29.999180 3.352956 
30.428618 4.056519 
30.993396 3.077968 
30.548415 2.800171 
30.966025 2.564607 
30.880899 3.367063 
30.899398 4.188165 
31.098195 4.030419 
31.389451 3.130914 
31.294893 3.067257 
31.342776 2.960585 
31.900924 3.860924 
31.632259 3.798169 
31.603341 3.697700 
31.663519 3.677494 
31.940031 3.660932 
31.294084 3.465361 
31.493402 3.365271 
31.652356 3.966657 
31.384416 3.953337 
32.174800 3.680063 
32.175907 3.680175 
32.173657 3.681866 
31.955508 3.593433 
32.135575 3.517976 
32.017955 3.457994 
32.785249 3.840706 
33.353110 4.296213 
33.446489 4.195215 
32.952720 4.056978 
33.791282 3.862890 
33.835113 3.761477 
33.955979 3.641822 
34.081567 4.384517 
33.654268 4.234988 
34.331003 3.170093 
34.222552 3.122585 
34.477302 3.024895 
35.668711 3.348758 
36.275603 4.476900 
36.792890 3.226681 
36.860522 3.176304 
36.752601 2.559859 
36.664302 2.550469 
36.949840 3.575336 
36.428898 3.433238 
36.901492 3.383368 
36.438740 3.315942 
36.760027 3.313169 
36.805893 3.284013 
36.803569 3.285129 
36.889908 4.367769 
36.830695 4.359365 
36.779865 4.203560 
37.056985 4.117840 
37.032590 4.029324 
36.692365 3.996540 
37.204843 3.128400 
36.961598 3.592527 
37.357661 3.277173 
38.227899 3.644352 
38.146941 3.606934 
38.219806 3.498624 
39.000113 3.205736 
38.804421 3.933629 
38.519646 3.655251 
38.754995 3.455986 
39.007488 3.235066 
39.149509 4.384297 
39.038356 4.372092 
39.072371 4.294163 
39.071734 4.292333 
38.577889 4.075225 
39.255294 2.509361 
39.138773 2.982061 
39.260679 2.674634 
39.260442 2.675458 
39.741378 3.896028 
39.780328 3.841364 
39.667806 3.726991 
39.758332 3.701638 
39.385295 3.405230 
39.418922 4.186277 
39.587892 4.035462 
39.586443 4.029961 
39.587871 4.032075 
39.587339 4.030529 
40.058004 3.013337 
39.836166 2.861532 
40.435178 3.313697 
39.958724 4.005671 
41.046012 3.615559 
40.986870 3.408849 
41.456122 3.082842 
41.606652 2.924123 
41.797006 2.890945 
41.328658 3.879661 
41.926873 3.808215 
41.636857 3.655966 
41.613902 3.626854 
41.615718 3.626146 
41.619869 3.620739 
41.653185 3.607603 
41.539687 3.566563 
41.542107 3.566103 
41.974839 4.521754 
42.042650 4.487014 
41.888234 4.069933 
42.198650 4.660355 
42.162666 3.122044 
42.430136 2.888651 
42.234724 2.693737 
42.103851 2.570315 
42.115252 2.564532 
41.981134 3.877788 
41.989086 3.892578 
41.989764 3.899680 
41.985101 3.900146 
41.986045 3.867572 
42.062776 3.645218 
42.382952 3.524309 
42.498850 3.476158 
42.748008 4.252915 
42.817029 3.067517 
42.750953 3.071002 
43.340429 3.722144 
42.802889 3.602403 
43.257369 3.549978 
43.982726 3.864616 
44.365842 3.194538 
44.613786 3.175765 
44.433663 3.144352 
44.410969 2.965327 
44.666122 2.780201 
44.710749 2.659099 
44.325945 3.899217 
44.151423 3.850162 
44.259629 3.771793 
44.514207 3.613560 
44.614521 3.551268 
44.646567 3.330582 
44.479895 3.292038 
44.944631 2.848482 
44.949344 2.780009 
44.950640 2.780422 
44.950532 2.779051 
45.052044 2.518825 
44.992938 4.583000 
44.969868 4.264939 
45.137621 4.058216 
0.855895 2.311028 
0.908850 2.265358 
0.895504 2.138749 
0.960932 2.049211 
0.824367 2.726368 
0.886899 2.551498 
1.388501 2.335206 
1.613649 1.831931 
1.724548 3.119863 
1.406859 2.675447 
1.884164 2.437072 
1.833667 1.908714 
2.418144 2.572233 
2.558564 2.539136 
2.903779 2.338594 
2.903455 2.338587 
3.906573 1.827252 
3.813742 2.786685 
3.576187 2.776496 
3.360178 2.730174 
3.824840 2.720958 
3.749228 2.580016 
3.387975 2.551857 
4.309049 1.780538 
4.145020 1.676713 
4.243699 1.662502 
4.030502 1.604569 
4.259709 1.349927 
4.277352 2.235821 
4.411869 2.218951 
4.209605 3.171734 
4.322879 2.870194 
4.206495 2.805106 
4.001427 2.562492 
4.774069 1.734078 
5.157739 2.305555 
5.105650 2.258385 
5.068304 2.809156 
5.109284 2.543034 
5.730709 2.328752 
6.410441 2.480601 
6.607076 2.356224 
6.365672 2.281587 
6.803582 3.107259 
6.806500 3.102796 
6.583421 3.100523 
6.529834 3.099204 
6.767869 3.067030 
6.690304 3.061553 
6.371624 2.795732 
6.905812 1.711307 
6.768052 1.544067 
6.827914 1.428665 
6.889662 2.353192 
7.342957 2.189199 
6.977159 1.951973 
6.892272 1.951273 
7.054372 3.031108 
7.055115 3.029493 
7.374067 2.930962 
7.388326 2.916554 
7.035739 2.894119 
7.546372 2.889679 
7.249640 2.775194 
7.188683 2.745826 
7.344244 2.674481 
6.943162 2.642836 
6.941809 2.642477 
6.940294 2.643167 
7.303048 2.576153 
7.089560 2.517787 
7.062450 3.380917 
7.333170 3.318740 
7.758950 2.447239 
7.980839 2.428204 
8.138970 2.387977 
7.888826 2.332421 
7.898105 2.238178 
7.558452 2.206379 
7.556249 2.105763 
7.538479 2.075046 
7.647688 1.870635 
7.693169 2.953547 
7.939319 2.715775 
8.065421 2.651498 
7.968213 2.652427 
7.697209 2.575362 
7.842475 2.520739 
8.586443 2.456927 
8.775429 2.385346 
8.824462 2.551095 
9.423973 1.763721 
9.574941 1.773589 
9.449337 1.756921 
9.420897 1.752210 
9.142789 2.145511 
9.149107 2.146319 
9.011911 2.105010 
9.021407 2.103508 
9.386315 2.029107 
9.401934 1.889606 
9.082901 1.840324 
9.489532 3.202298 
9.499858 3.069785 
9.627838 3.068990 
9.359965 2.946795 
9.303437 2.934910 
9.359495 2.919824 
9.296954 2.883760 
9.096843 2.816102 
9.572231 2.734410 
9.572564 2.727649 
9.542868 2.714620 
9.359562 2.531150 
9.735818 3.334020 
9.562440 3.298718 
9.639937 3.284962 
9.659353 3.256231 
9.538911 3.240337 
10.154726 1.683740 
10.154889 1.682761 
10.047651 1.541368 
10.072837 1.461349 
9.828895 2.194425 
9.822916 2.149761 
9.991370 1.846169 
9.972203 3.190812 
9.972475 3.191118 
10.213767 3.192229 
9.972349 3.182594 
9.875028 3.179980 
10.008630 3.150500 
9.923873 3.128437 
9.921693 3.121252 
9.921763 3.121124 
9.992490 3.117363 
9.745611 3.111436 
9.848822 3.105100 
9.867908 3.078623 
10.027978 3.064133 
9.910205 3.059622 
10.308655 3.019660 
9.830880 2.989709 
9.833429 2.987098 
9.832252 2.983851 
10.012195 2.956879 
9.770714 2.936465 
9.967513 2.905909 
9.832761 2.799942 
9.994613 2.766003 
9.825840 2.750825 
9.741310 2.743142 
9.737513 2.719565 
9.866675 2.579028 
9.831753 3.526527 
9.991705 3.445630 
9.886143 3.401657 
9.824118 3.317324 
9.979893 3.296956 
9.954959 3.288793 
9.888507 3.286998 
9.982986 3.249367 
9.804635 3.234999 
9.888772 3.231666 
10.459817 2.504925 
10.784425 2.361435 
10.574360 2.886350 
10.899814 2.518566 
12.242352 1.746087 
12.341247 1.670685 
12.405445 1.840944 
12.156018 3.071430 
12.557268 3.026677 
12.026400 3.005809 
12.448089 2.987531 
12.168082 2.892555 
13.025207 1.765533 
12.853539 2.246267 
12.725461 2.113953 
13.087638 1.949505 
13.144877 3.143663 
12.764334 2.973674 
13.123024 2.955174 
13.123343 2.955799 
12.697425 2.675794 
12.684063 2.661183 
12.741306 2.655116 
13.667469 2.294946 
13.662585 2.702369 
14.232082 2.446232 
14.576504 1.964933 
15.110373 1.630985 
14.954962 1.971151 
15.063922 2.770450 
16.035330 2.315287 
15.533511 1.995890 
15.579832 3.326610 
16.573690 2.402086 
16.295952 2.222273 
16.299965 2.221172 
16.354304 2.223965 
16.332718 2.182167 
16.560593 2.554346 
17.255137 2.503717 
17.019321 2.437225 
17.043324 2.432855 
17.309068 2.279951 
17.231292 2.241298 
17.322949 2.216891 
17.511550 2.170855 
17.349044 2.670260 
18.093335 1.766412 
17.865810 1.639245 
17.823024 1.593113 
18.030094 1.484428 
18.030684 1.484020 
17.787674 2.436807 
18.147887 2.356154 
17.668060 2.189938 
17.628508 2.142462 
17.887203 1.829235 
18.136252 1.812570 
18.136202 1.812104 
18.123807 3.148749 
18.282613 2.905204 
18.215633 2.850165 
17.578445 2.742330 
18.104922 2.675222 
18.105450 2.674817 
18.473968 1.771795 
18.661936 1.590602 
18.333822 2.491626 
18.474865 2.125128 
18.368526 2.116727 
18.699332 2.012303 
18.753892 1.871744 
18.824024 1.833935 
18.738410 1.809207 
18.741733 1.805855 
18.535453 3.118883 
18.535633 3.119302 
