42.522559 -12.162940 
43.055714 -11.388883 
43.282765 -11.771037 
43.685637 -11.861451 
43.685963 -11.857748 
43.657066 -11.889872 
43.756903 -11.939479 
43.939428 -11.139041 
43.722892 -11.318310 
43.628484 -11.473704 
43.574999 -11.739899 
43.910065 -12.714651 
43.716940 -12.941412 
43.518024 -13.006495 
43.907570 -11.812635 
43.900872 -11.810726 
44.529206 -12.028569 
44.287507 -12.109580 
44.286703 -12.109529 
44.532801 -12.189738 
43.921683 -12.257010 
44.320378 -11.604768 
44.399754 -11.712372 
44.628897 -11.776121 
44.835348 -12.035048 
45.234503 -11.986198 
45.459611 -11.660760 
45.545209 -11.779247 
45.795405 -11.795204 
46.014278 -11.808034 
45.973410 -11.859096 
45.976151 -11.910429 
45.806475 -11.932259 
45.892943 -11.927359 
45.580313 -11.930765 
45.709523 -11.932591 
45.347950 -11.951659 
45.388696 -11.962077 
45.812869 -11.964765 
46.028909 -11.978847 
45.935910 -12.003106 
45.866703 -12.059261 
45.481087 -12.105505 
45.373435 -12.100323 
45.981726 -12.247441 
46.012937 -12.271113 
45.731238 -12.338042 
45.776996 -12.363857 
46.334499 -11.627434 
46.145347 -11.641719 
45.792818 -11.702864 
45.867572 -11.720130 
46.255141 -12.476502 
46.193422 -12.542035 
46.124258 -12.582209 
46.068606 -12.680616 
46.037273 -12.700255 
46.264639 -13.080303 
46.261828 -13.079164 
46.323521 -13.103172 
46.110049 -11.832970 
46.483601 -11.897196 
46.221423 -11.907684 
46.712814 -11.980190 
46.126346 -11.980543 
46.106253 -11.981349 
46.371645 -12.050812 
46.738187 -12.052815 
46.069739 -12.064178 
46.068932 -12.066268 
46.184376 -12.096372 
46.323604 -12.119908 
46.598398 -12.141119 
46.531175 -12.150146 
46.751603 -12.252457 
46.145137 -12.322329 
46.526270 -12.361748 
46.676319 -12.370952 
46.255738 -12.475865 
46.255784 -12.475978 
46.513288 -11.167290 
46.654233 -11.270603 
46.471480 -11.313675 
46.906965 -11.718605 
46.557576 -11.736393 
46.911362 -12.613776 
46.494171 -12.865072 
46.890781 -11.822334 
46.810421 -11.858600 
46.991184 -11.908992 
47.182927 -11.924712 
47.183008 -11.923645 
46.818646 -12.089323 
47.482711 -12.301219 
48.016506 -11.921067 
48.209870 -11.730333 
48.472354 -11.915740 
48.331405 -12.321958 
48.581904 -12.356140 
48.459069 -12.356439 
48.458975 -12.357158 
48.457607 -12.357303 
48.459186 -12.357858 
48.458436 -12.358740 
48.443857 -12.366518 
49.253538 -12.527775 
48.929571 -11.378816 
49.483307 -11.928981 
49.708024 -11.977346 
49.081023 -12.009202 
49.016606 -12.065474 
49.620414 -12.131884 
49.262722 -12.362839 
49.782282 -11.332071 
49.706019 -11.529946 
49.573787 -12.882690 
49.577108 -12.881850 
49.748435 -11.961301 
49.749791 -12.081378 
50.827824 -11.998154 
51.005927 -12.264676 
51.121182 -11.670619 
51.375152 -11.806075 
51.698701 -11.896296 
51.311166 -12.011259 
51.291036 -12.446281 
51.291480 -12.444186 
52.118343 -11.078430 
51.962038 -11.228114 
51.815658 -11.470590 
51.815316 -11.477784 
51.988738 -12.482078 
51.914874 -12.714762 
52.177462 -12.787159 
51.913011 -13.091982 
52.044677 -10.954943 
52.254350 -11.045926 
52.345380 -11.943545 
52.517098 -11.986435 
52.291978 -12.176781 
52.060232 -12.472460 
52.424646 -11.241768 
52.678485 -11.573941 
52.372628 -12.726776 
53.128248 -12.107738 
52.850630 -12.142680 
52.753276 -12.219895 
54.233224 -11.536587 
54.232233 -11.585775 
54.486290 -12.356705 
54.905813 -11.079482 
54.937287 -11.131900 
54.962625 -11.441063 
54.502972 -12.587485 
54.959900 -12.755465 
54.990405 -12.985657 
54.637525 -12.995285 
54.636013 -13.011052 
54.817912 -13.173229 
55.476402 -11.967847 
55.331807 -12.176815 
55.331446 -12.177956 
55.133076 -12.259553 
55.241807 -11.190760 
55.504625 -12.543731 
55.252625 -12.603986 
55.254734 -12.604625 
55.686812 -11.889547 
55.799850 -12.174317 
58.008625 -12.875980 
57.715740 -12.931875 
57.560926 -12.967376 
57.470300 -13.018345 
57.742484 -13.028608 
16.709265 -13.995227 
17.225022 -13.243241 
17.231844 -13.458574 
17.647826 -13.197374 
18.053177 -13.194224 
18.516508 -13.310006 
18.609984 -13.367445 
19.102640 -13.907992 
19.125355 -13.976174 
19.283879 -13.306845 
19.392089 -13.382889 
19.332513 -13.517146 
19.323352 -13.598984 
19.500358 -13.748855 
19.392354 -13.147762 
19.918793 -12.462943 
19.916547 -12.463696 
19.925465 -13.249092 
20.167888 -13.465997 
20.328385 -13.721429 
19.976381 -13.747202 
19.975494 -13.746902 
19.771917 -13.786213 
20.068364 -13.823840 
20.162355 -13.843573 
19.930302 -13.880662 
19.861122 -13.886349 
19.711985 -13.902471 
20.344578 -13.070630 
20.122153 -14.046143 
21.051270 -13.279043 
21.663608 -13.411569 
21.448815 -13.503176 
21.794769 -13.632035 
21.593279 -13.639319 
21.592976 -13.643304 
22.107784 -12.562881 
22.109288 -12.563133 
21.825300 -12.948933 
21.807884 -13.027106 
22.048750 -13.189791 
22.476763 -13.502495 
22.366176 -13.544585 
21.950216 -13.767895 
22.444291 -13.885536 
22.348106 -12.184190 
22.474264 -12.196326 
22.253886 -12.362842 
22.457254 -12.649528 
22.900851 -12.652272 
22.868346 -12.673418 
22.832568 -13.935459 
23.594009 -13.375618 
23.983581 -13.243083 
24.824112 -12.522558 
25.608620 -12.688105 
25.263924 -12.689218 
25.278084 -12.886704 
25.311208 -13.026007 
25.335582 -13.115461 
26.053169 -12.826749 
26.015827 -13.120080 
26.464164 -13.160106 
26.661481 -13.251746 
26.657511 -13.255537 
26.653573 -13.256246 
27.371752 -12.725937 
27.092404 -12.995721 
27.138159 -13.039206 
27.151605 -13.139278 
27.339931 -13.173635 
27.097624 -13.245505 
27.373579 -13.256110 
27.332354 -13.366079 
27.291665 -13.416324 
27.291992 -13.415361 
27.357102 -13.496667 
27.368378 -13.721241 
27.581218 -13.885472 
27.971029 -13.983856 
27.574752 -12.553566 
27.863864 -12.606912 
27.672505 -12.674645 
27.696224 -12.669365 
27.691117 -12.669363 
27.577305 -12.853038 
27.944177 -13.218913 
27.902436 -13.252797 
28.125518 -13.373354 
27.962091 -13.376611 
28.245565 -13.374737 
28.140134 -13.444319 
28.332806 -13.698560 
28.306740 -13.741139 
28.166267 -13.857739 
28.421187 -12.709046 
28.304429 -12.992611 
28.738204 -13.061475 
28.431986 -13.905654 
28.537916 -13.933715 
28.292382 -13.957707 
28.610307 -14.007513 
28.423597 -14.000736 
28.530434 -13.335350 
28.582697 -13.357624 
28.482412 -13.509610 
28.717712 -13.750023 
28.755544 -13.766466 
28.511599 -13.787378 
29.993342 -12.979678 
30.655423 -12.352991 
30.151150 -13.501373 
30.176657 -13.537662 
30.832293 -12.636535 
31.041449 -12.861614 
30.809738 -13.909027 
31.024811 -12.105514 
31.252336 -12.456907 
31.066162 -13.219581 
31.067156 -13.217776 
30.965197 -13.297682 
30.949579 -13.637654 
30.964210 -13.851206 
30.711124 -13.878242 
31.286810 -14.084873 
31.096645 -14.255102 
31.642543 -13.340217 
31.924632 -12.994480 
32.687294 -13.192584 
32.804324 -13.395264 
33.223763 -12.845245 
32.587330 -13.124818 
33.579748 -13.219091 
32.936464 -13.586598 
33.038750 -13.795093 
33.093842 -13.861940 
33.271459 -12.638380 
33.814628 -13.127234 
33.542620 -13.170831 
33.454706 -14.124076 
33.848178 -14.319622 
33.642978 -13.216848 
33.854963 -13.821332 
34.005435 -13.838189 
34.216534 -12.560180 
34.131643 -13.125210 
34.165527 -14.004376 
34.661497 -13.248530 
35.795332 -13.757034 
35.862518 -12.953112 
36.511277 -12.269232 
36.465325 -12.273296 
36.305567 -13.290970 
36.119641 -13.390346 
35.959697 -13.403710 
35.901234 -13.767044 
36.182999 -13.779938 
36.167506 -13.799515 
36.494250 -12.687080 
36.438554 -13.932826 
36.815027 -13.699083 
36.639958 -13.727944 
36.945128 -12.834616 
37.071560 -12.933964 
37.554146 -13.257906 
37.688380 -13.264781 
37.421465 -13.283189 
37.479073 -13.648615 
38.583197 -13.295569 
38.590344 -13.607449 
38.492864 -13.618736 
38.660601 -13.748443 
38.921903 -12.682072 
39.258933 -12.149909 
39.417545 -12.170665 
39.054425 -12.443862 
39.043430 -13.463815 
39.297915 -13.473119 
39.296169 -13.477315 
39.306133 -13.483389 
38.927562 -13.495109 
38.755240 -13.605782 
38.994399 -13.730984 
39.090667 -13.737779 
39.175428 -12.628647 
39.708672 -12.983534 
39.183316 -13.990128 
39.382563 -14.191056 
39.735874 -12.420107 
39.608080 -13.379451 
39.762809 -13.398170 
39.614708 -13.532234 
39.616447 -13.531980 
39.774982 -13.623600 
40.115936 -12.718452 
40.123498 -12.853272 
39.981547 -12.861593 
39.862134 -13.959166 
40.214904 -13.199097 
40.529547 -13.343955 
41.072553 -13.005561 
40.981545 -13.089759 
41.307100 -13.627537 
42.032021 -13.989901 
41.896136 -13.994865 
42.248007 -12.402400 
42.369715 -13.194152 
42.360351 -13.216859 
42.357545 -13.208914 
42.105961 -13.509269 
42.112555 -12.961083 
42.484836 -14.092382 
42.972594 -13.196056 
42.673892 -13.326074 
42.872429 -13.413737 
42.834774 -13.683506 
42.995835 -13.720164 
42.995172 -13.717648 
44.590736 -12.431891 
44.238037 -13.303122 
44.354792 -13.417561 
44.300086 -13.483040 
44.457066 -13.616199 
44.656390 -12.532222 
44.928525 -12.551359 
44.812433 -12.544538 
44.629002 -12.587317 
44.602653 -12.666545 
44.455461 -12.694145 
44.455545 -12.693960 
44.694154 -12.696392 
44.839157 -13.106517 
45.033403 -12.239572 
44.764306 -12.321993 
44.698212 -13.510268 
45.154764 -13.507897 
45.210558 -13.549999 
44.934425 -13.820086 
45.391778 -12.534219 
45.617994 -12.748794 
45.500330 -12.963222 
45.531633 -13.913303 
45.131537 -13.949328 
45.055298 -14.350828 
45.711632 -13.406580 
46.053766 -13.443819 
46.149222 -13.158001 
46.000570 -13.157193 
46.282901 -13.346072 
46.107411 -13.424399 
46.601093 -13.236452 
46.676385 -13.257922 
46.922190 -12.909825 
46.934307 -13.041619 
47.404106 -12.463095 
47.406619 -12.466659 
46.876277 -13.215265 
47.564043 -12.614876 
47.377205 -13.055742 
47.847474 -12.055354 
47.723721 -12.164049 
48.008693 -12.201977 
48.073333 -12.454552 
47.688420 -13.191532 
47.763043 -13.462541 
47.982015 -13.713514 
47.571225 -13.828186 
47.894632 -12.860251 
47.975971 -12.928314 
48.359538 -13.195588 
48.704114 -13.306738 
48.308046 -13.785414 
48.720274 -12.913784 
49.432135 -13.280813 
49.487999 -13.335211 
49.724671 -13.391530 
49.677874 -13.617547 
49.742662 -13.622648 
49.824712 -12.873130 
49.633208 -13.084148 
49.890012 -13.197656 
50.022774 -13.276730 
50.037631 -13.337737 
50.353669 -13.395465 
50.313838 -13.417876 
50.477732 -13.639916 
49.820462 -13.744253 
50.404836 -13.809899 
50.350546 -12.495010 
50.555215 -12.488856 
50.366906 -12.746570 
50.667257 -12.936144 
50.553846 -12.936747 
50.459467 -13.043936 
50.460966 -13.044689 
50.510268 -14.232741 
50.775746 -12.447564 
51.492042 -12.914205 
51.083115 -12.944083 
51.346455 -12.983196 
50.885283 -13.091564 
50.918305 -13.946780 
51.938538 -13.203302 
51.261086 -13.303806 
51.418672 -13.388158 
51.462597 -13.659361 
52.308733 -13.451491 
52.362961 -13.486296 
52.571742 -13.534998 
52.529569 -13.582639 
52.596432 -12.818879 
52.520339 -12.860103 
52.992232 -12.972693 
52.977128 -13.127273 
52.996529 -12.422126 
53.204721 -13.376609 
53.155395 -13.508472 
53.153789 -13.560904 
52.746106 -13.606584 
53.176558 -13.709681 
53.182488 -13.716013 
53.415040 -12.732600 
53.410311 -13.907109 
53.342267 -14.187298 
53.857151 -13.652446 
53.655660 -13.796295 
