69.356228 -64.082184 
68.874232 -64.350771 
69.204045 -64.390031 
69.725054 -63.395871 
70.482844 -63.207372 
71.084879 -63.206525 
70.499492 -63.541005 
70.942924 -62.244950 
71.093078 -62.249293 
70.851928 -62.325970 
70.748505 -62.439660 
71.664128 -62.456699 
71.527671 -62.618899 
71.551633 -62.621453 
71.269144 -62.704288 
71.494309 -62.788265 
71.845423 -62.830388 
71.752297 -62.843338 
71.846215 -62.930696 
70.860997 -63.065871 
71.765249 -63.185987 
71.833839 -63.410747 
71.490730 -63.484167 
72.088198 -63.541768 
71.676639 -62.200827 
71.716082 -62.263395 
71.528615 -62.350761 
71.401754 -62.418197 
72.385708 -64.090512 
73.145108 -64.416636 
72.874290 -62.792367 
72.710083 -62.799264 
73.013225 -62.859482 
73.150572 -62.964035 
73.092342 -63.010994 
72.760280 -63.790040 
73.649476 -63.093372 
73.636958 -63.132337 
73.559320 -63.964587 
74.422655 -64.205823 
73.679628 -64.291831 
74.412668 -63.416200 
74.395854 -63.629466 
75.506560 -63.169274 
75.929298 -61.999278 
76.189244 -62.312106 
76.980565 -63.323941 
77.320875 -63.353271 
76.933835 -62.976902 
76.926025 -62.978378 
77.017352 -63.106996 
80.476695 -62.095596 
80.953950 -62.698985 
80.625766 -62.911308 
80.900193 -62.971660 
81.013240 -62.191839 
81.396750 -62.276699 
80.783747 -62.432892 
80.782314 -62.430426 
81.879379 -62.560175 
303.970697 -62.652132 
306.986253 -62.834424 
306.243113 -62.995533 
306.240461 -62.996928 
306.241501 -62.995825 
306.245783 -62.995728 
306.249252 -64.225445 
306.568266 -64.332083 
306.934513 -64.543100 
307.271481 -63.258480 
306.892823 -63.265495 
306.640536 -63.496831 
307.144878 -63.826267 
307.243692 -64.644634 
307.369479 -64.658608 
307.356551 -64.668226 
307.954280 -62.764956 
307.054518 -63.887490 
307.587563 -64.015462 
308.029788 -64.093083 
307.732723 -64.206947 
307.284815 -64.218043 
308.148389 -64.292695 
308.185126 -64.376510 
307.810569 -64.520891 
307.871130 -63.744551 
309.260702 -63.768082 
308.186044 -63.798400 
309.438192 -63.294658 
309.678965 -63.366652 
311.695595 -62.928418 
311.668949 -63.512256 
312.578268 -63.825053 
312.279893 -64.836737 
312.425397 -62.507784 
311.808845 -62.912321 
312.854546 -63.033420 
312.202720 -63.928053 
313.134435 -63.969315 
313.134184 -63.972433 
312.053617 -64.165481 
313.151871 -64.490929 
312.224922 -64.508672 
312.757188 -64.538557 
313.134397 -63.171519 
313.095426 -63.865790 
313.787557 -63.056129 
315.618136 -63.442831 
315.771417 -63.716060 
315.773521 -63.715781 
316.299504 -62.726080 
316.380830 -62.922396 
316.503480 -64.014575 
316.965570 -63.323921 
317.102755 -63.332712 
316.886324 -63.552237 
315.958080 -63.701945 
316.452033 -63.800211 
316.403240 -63.803655 
316.268240 -63.820830 
316.512993 -62.805354 
317.662446 -62.845926 
317.613878 -62.911032 
317.176549 -63.111661 
317.176396 -63.113180 
317.008767 -62.189936 
318.034783 -62.359112 
317.952237 -63.965158 
317.074557 -63.954249 
317.127033 -63.974994 
318.007548 -64.017811 
316.880866 -64.036341 
317.964829 -64.220184 
317.981565 -64.239100 
317.645046 -64.384014 
318.384243 -63.542935 
318.929871 -63.670796 
318.790748 -63.688548 
318.335808 -63.808860 
320.354187 -63.439531 
321.071506 -63.328082 
320.894043 -63.625935 
321.631702 -63.631257 
321.290924 -62.742654 
321.147053 -62.758358 
321.131297 -62.938546 
321.256257 -62.999689 
323.197983 -64.172255 
322.282504 -64.259058 
322.645188 -64.498753 
322.676130 -64.504794 
322.276820 -63.452383 
323.434695 -63.587186 
323.235655 -63.827196 
322.932658 -62.683281 
323.309762 -62.784076 
323.505687 -62.795660 
323.031328 -63.091030 
324.202698 -63.088354 
323.452762 -64.199675 
324.069159 -63.595716 
326.651872 -63.903419 
326.277920 -64.058237 
327.030486 -63.300899 
326.720890 -63.308735 
326.930157 -63.518132 
325.782625 -63.652114 
325.796931 -63.651009 
326.374470 -63.727354 
326.206397 -63.744597 
326.245917 -63.741321 
326.208506 -63.743551 
326.205830 -63.742496 
326.950643 -63.860052 
327.314680 -62.774974 
326.149585 -62.785777 
325.941401 -62.880109 
327.362346 -63.902494 
327.421786 -63.994314 
327.155518 -63.202803 
327.512873 -63.721428 
327.574806 -62.567598 
328.708265 -62.946842 
328.676454 -64.500232 
328.932123 -63.739243 
329.418203 -63.755107 
329.417841 -63.752653 
331.224129 -63.988249 
331.781896 -62.850963 
331.087139 -62.941299 
331.460844 -63.209391 
331.461826 -63.210377 
331.142211 -63.265605 
330.874133 -63.335545 
331.032120 -63.511801 
331.277130 -63.876080 
331.393612 -62.226178 
332.481923 -63.885823 
332.565738 -63.983574 
333.123366 -64.164247 
332.442825 -64.332938 
332.584611 -64.507256 
332.829135 -64.548149 
332.788994 -63.551869 
332.828000 -63.669935 
332.830371 -63.675978 
333.386232 -63.731193 
331.971038 -63.799405 
332.565326 -63.871502 
332.069560 -62.486168 
333.081360 -62.730621 
332.825076 -63.076620 
333.197874 -63.158625 
334.303240 -63.186986 
333.639950 -63.902410 
334.158986 -63.944055 
333.449227 -64.435311 
333.821367 -64.598372 
336.234639 -62.637086 
336.386769 -62.703885 
336.388283 -62.704755 
336.022553 -63.179890 
335.893497 -63.198366 
336.304995 -63.191687 
335.866860 -63.207599 
335.871113 -63.221092 
336.242664 -63.702461 
336.176402 -63.926169 
336.526696 -62.074538 
336.204671 -62.297143 
336.641842 -62.375242 
336.896154 -62.524540 
338.140031 -62.724745 
336.885076 -62.749104 
337.265798 -62.981610 
337.472605 -63.092701 
337.467913 -63.094069 
337.704382 -63.326660 
338.221618 -63.754094 
338.020658 -63.856629 
338.005010 -63.858766 
337.978292 -63.857418 
337.998353 -63.867120 
337.736863 -63.946086 
336.726230 -64.040875 
337.494695 -64.219644 
338.447891 -63.297283 
338.527640 -63.633337 
339.391995 -63.868860 
338.235757 -63.943654 
338.942507 -64.636252 
341.202794 -62.627165 
341.101833 -62.850383 
340.190093 -63.355912 
341.313197 -63.478875 
342.796699 -63.051793 
342.996312 -63.167439 
341.573716 -63.676339 
342.471340 -64.311734 
343.028251 -64.507631 
343.280663 -63.461129 
344.380038 -64.249778 
344.383134 -64.249213 
343.446939 -64.395368 
343.177512 -64.404957 
343.692760 -64.504317 
343.607515 -64.576606 
343.872418 -64.583915 
344.096583 -64.819020 
343.943639 -64.879494 
345.495005 -63.210223 
345.651634 -63.568008 
347.087191 -62.729222 
346.403039 -62.788113 
346.592215 -63.005620 
346.932764 -63.130686 
346.312345 -63.386287 
347.616756 -64.164128 
347.782761 -62.936368 
347.781289 -62.937748 
349.191086 -63.465048 
348.884327 -63.545962 
348.452402 -63.643378 
349.129157 -63.874931 
348.603728 -64.192656 
349.310468 -64.253076 
350.666359 -63.339005 
350.554687 -63.406829 
350.743381 -63.574021 
350.499105 -62.267631 
351.098540 -62.600769 
351.287350 -62.767627 
351.540488 -63.546556 
352.903425 -64.265058 
353.013317 -63.185324 
353.854506 -63.316095 
353.713828 -63.675999 
354.018618 -63.678898 
353.743379 -64.151573 
354.287979 -63.230021 
355.885483 -62.182211 
356.727636 -62.714865 
356.642461 -63.066505 
356.098277 -63.078441 
356.960981 -63.335837 
357.186982 -64.095626 
357.051881 -62.636447 
358.198995 -62.907248 
358.134402 -63.574100 
358.683756 -63.786916 
359.531340 -64.297051 
359.226013 -64.315642 
0.502934 -64.818446 
2.776289 -64.392421 
2.114351 -64.630871 
3.272864 -64.643329 
2.503244 -65.079870 
2.757806 -65.191913 
4.196679 -64.134867 
3.359584 -64.285207 
3.919156 -64.942058 
4.432878 -63.685121 
5.841913 -64.826264 
8.899108 -64.786036 
9.749760 -64.333605 
9.620437 -64.395456 
10.444894 -64.933097 
13.531762 -64.627053 
12.075132 -64.965476 
12.171366 -64.984529 
12.173633 -64.980698 
12.171780 -64.983666 
12.486613 -65.157267 
12.483246 -65.157208 
12.484602 -65.156099 
13.833985 -64.417200 
13.984815 -64.542399 
14.624503 -63.667622 
14.692561 -63.737248 
14.791553 -64.749742 
15.027880 -64.808579 
14.081285 -64.970434 
13.970967 -65.191214 
15.142055 -64.000983 
16.982861 -64.982666 
16.848001 -65.045774 
17.060799 -64.655702 
17.251260 -64.841332 
17.882217 -64.841720 
17.458601 -65.274416 
18.847081 -64.685008 
19.204792 -64.691409 
19.202454 -64.824027 
19.758410 -64.089779 
20.314803 -64.185338 
20.566336 -64.418917 
19.971998 -63.757569 
22.106258 -64.617895 
24.062794 -64.108519 
23.300727 -64.213514 
23.647055 -64.355470 
24.190067 -64.944615 
24.191828 -64.944197 
24.463110 -64.117205 
24.499690 -64.182542 
24.340370 -64.312035 
25.279335 -63.801369 
24.842650 -63.810807 
25.547889 -64.931869 
28.640287 -64.308774 
29.115657 -64.330128 
28.730451 -64.501016 
30.187265 -65.480476 
30.187544 -65.480609 
30.187859 -65.481158 
29.605684 -64.707719 
29.908032 -64.780371 
29.449550 -64.886301 
29.505389 -65.006413 
28.869029 -65.152206 
30.463675 -64.220428 
29.407722 -64.483143 
29.965586 -64.560203 
30.721700 -65.038311 
32.119816 -65.069784 
32.165240 -65.112673 
32.866121 -64.466739 
33.031050 -64.497969 
33.526558 -64.656220 
33.026580 -64.760150 
34.879415 -64.639546 
34.364361 -64.677611 
35.325973 -64.696534 
34.327377 -64.989884 
34.350650 -64.131877 
35.414441 -64.220584 
34.955995 -64.259247 
34.174539 -64.457032 
34.884278 -63.598453 
35.337739 -63.713790 
34.596074 -63.769474 
34.539196 -63.779249 
35.905556 -64.174360 
37.161390 -64.905167 
37.163114 -64.906131 
37.979736 -64.599011 
37.977914 -64.597948 
37.980965 -64.791409 
38.429879 -65.254135 
40.004830 -63.761915 
39.099357 -64.673610 
40.308687 -64.837945 
41.507023 -64.709908 
40.664583 -64.768350 
42.007487 -64.891298 
43.695412 -64.740003 
45.364458 -63.849028 
44.325941 -64.198012 
44.687913 -64.359762 
44.430381 -64.418985 
44.440085 -64.596758 
44.108324 -64.596957 
44.374654 -64.780381 
44.968194 -65.049567 
44.338283 -65.127623 
45.011905 -65.149284 
46.136098 -64.776949 
45.992670 -64.963533 
50.408542 -64.397806 
50.338484 -64.563965 
49.336491 -64.773731 
49.903012 -64.913467 
50.337170 -65.132016 
50.829968 -64.011999 
50.715773 -64.356220 
50.843734 -64.436287 
50.680491 -64.438392 
51.081777 -64.772112 
51.606151 -64.794096 
50.721740 -65.286461 
51.306323 -65.361184 
52.160664 -65.381582 
51.468183 -65.580778 
51.468113 -65.580823 
51.873608 -65.630724 
55.161070 -64.342018 
54.665858 -64.684820 
54.817998 -64.757999 
54.966636 -64.753305 
54.804494 -64.756218 
54.732718 -65.267072 
55.503429 -65.273274 
55.583452 -65.384002 
54.610046 -65.421395 
55.010241 -65.459531 
55.548094 -65.559539 
55.330758 -65.598620 
56.128947 -66.226413 
55.861637 -64.122884 
56.426983 -64.762748 
56.369345 -65.755740 
57.538448 -65.189791 
57.792596 -65.254239 
59.702726 -64.582088 
59.467176 -64.602696 
60.117528 -64.638375 
60.327972 -64.904587 
60.204172 -64.984795 
60.352574 -64.987844 
60.287140 -65.025698 
60.526475 -65.041585 
61.213414 -65.342222 
59.872304 -65.451872 
60.583449 -65.544897 
60.441507 -65.624095 
60.678424 -65.898615 
60.677184 -63.916564 
60.474890 -64.076183 
60.476262 -64.098439 
60.469948 -64.107802 
60.455535 -64.138396 
60.449896 -64.171045 
60.567451 -64.364013 
61.301842 -66.065066 
61.874873 -66.106172 
61.861827 -66.212979 
62.201425 -64.646592 
62.197616 -64.644214 
60.907514 -64.886387 
61.671227 -64.892228 
62.623410 -65.576496 
61.708833 -65.827014 
62.532305 -64.624318 
62.631362 -65.002148 
63.772154 -64.713937 
63.830159 -64.848306 
64.621257 -63.872430 
64.801329 -65.397127 
64.466132 -64.281615 
64.798177 -64.634128 
