7.059570 -2.465651 
6.863522 -3.052059 
7.222007 -3.175506 
7.757004 -2.240816 
7.705121 -2.874006 
7.766792 -2.900698 
8.726827 -2.204009 
8.683553 -2.237943 
8.715292 -2.240515 
8.917298 -2.264970 
8.720805 -2.382104 
8.721435 -2.416053 
8.746809 -2.637034 
9.609056 -1.736794 
9.358717 -2.116600 
9.159711 -2.248706 
9.062580 -2.262998 
9.254250 -2.314877 
9.020425 -2.340435 
9.002915 -2.390064 
9.598993 -2.444204 
9.439776 -2.564014 
9.280919 -2.668202 
9.332445 -3.128744 
9.687153 -3.212813 
9.760930 -3.471909 
10.099707 -1.541768 
9.858609 -1.589366 
10.304311 -1.613699 
10.243810 -1.644222 
10.222374 -1.718144 
9.896400 -2.027026 
10.101591 -2.342977 
9.889581 -2.438403 
9.979930 -2.717505 
10.234282 -2.769437 
10.233145 -2.768225 
10.234272 -2.770612 
9.797389 -2.810779 
9.958187 -3.002318 
9.724398 -3.120466 
9.906884 -3.179818 
10.530957 -1.791050 
10.444414 -1.840512 
10.567219 -1.944167 
10.736602 -2.031399 
10.693049 -2.069102 
10.756839 -2.128535 
10.438269 -2.171905 
10.620553 -2.437556 
10.567243 -2.634056 
10.567772 -2.635044 
10.770466 -2.698744 
10.504439 -2.804565 
11.756558 -2.123480 
11.726771 -2.521829 
11.785095 -2.726967 
12.351530 -1.759253 
12.358163 -1.759476 
11.987141 -1.808502 
12.218319 -2.056022 
12.310614 -2.063071 
11.816943 -2.237713 
12.199493 -2.260062 
12.045111 -2.345291 
12.254433 -2.396581 
11.972640 -2.877012 
12.512741 -2.882507 
12.318407 -3.124132 
12.420230 -3.289801 
12.904824 -1.457577 
12.882178 -1.602354 
12.583322 -1.745806 
12.581130 -1.744940 
12.583906 -1.747150 
12.672201 -1.847893 
12.959967 -1.928040 
12.708364 -2.064199 
13.019525 -2.219493 
12.963558 -2.399297 
12.748933 -2.582016 
13.114519 -2.621157 
12.848504 -2.661164 
13.005559 -2.845063 
13.067811 -2.871267 
12.877892 -3.311503 
13.243435 -1.796050 
13.418438 -2.284139 
13.632839 -2.285135 
13.428984 -2.497298 
13.550375 -2.494553 
13.849691 -2.531068 
14.655841 -1.948819 
14.315592 -2.515821 
14.581062 -2.698239 
15.282765 -1.469323 
15.210464 -1.567559 
15.212200 -1.730304 
15.211739 -1.731158 
14.836379 -1.806422 
15.004710 -1.852871 
14.748404 -1.932535 
14.947175 -2.008817 
15.252011 -2.034353 
15.097775 -2.060124 
15.240301 -2.131150 
14.826157 -2.180223 
14.943007 -2.706584 
15.278910 -2.743979 
15.271773 -2.921130 
15.050995 -2.947801 
15.427819 -1.428402 
15.606897 -1.592939 
16.018440 -1.683653 
15.557839 -1.702133 
15.995767 -1.763801 
15.911628 -1.799339 
15.806576 -1.869164 
15.416255 -1.975355 
15.880346 -2.082498 
15.920289 -2.342172 
15.454470 -2.368250 
15.443890 -2.470892 
15.628114 -2.553558 
15.623188 -2.614564 
15.434872 -2.823983 
16.081885 -2.984842 
15.866980 -3.109421 
15.860941 -3.110662 
16.324178 -1.998429 
16.620888 -2.201894 
16.660036 -2.232466 
16.649191 -2.453673 
16.430273 -2.498099 
17.179200 -2.227013 
17.403573 -2.255283 
17.424909 -2.282953 
17.423127 -2.283152 
17.029565 -2.381550 
17.503632 -2.617160 
17.465446 -2.752186 
18.136969 -1.638013 
17.716767 -1.696482 
18.130107 -2.006003 
17.840813 -2.169856 
17.586160 -2.217255 
18.004847 -2.739769 
18.089587 -2.816264 
18.311256 -3.232804 
17.967940 -3.294331 
18.072233 -3.312290 
18.339827 -1.823327 
18.338502 -1.823257 
18.439448 -2.379168 
18.870794 -2.596727 
18.596280 -2.669575 
18.531776 -2.988411 
18.597077 -3.131881 
18.496766 -3.220207 
18.524301 -3.279803 
19.233835 -2.025725 
19.500093 -2.379862 
19.459349 -2.447276 
20.302464 -2.150802 
20.225359 -2.752546 
20.294997 -2.763348 
20.367713 -2.807751 
20.998476 -1.412108 
20.788534 -1.474075 
21.002489 -1.587710 
21.039627 -1.622038 
20.936810 -1.624507 
21.028345 -1.702378 
20.627096 -1.720047 
20.529680 -1.771347 
21.011367 -1.825225 
20.577577 -2.118834 
20.607036 -2.156202 
20.567217 -2.195452 
20.775943 -2.210709 
20.798002 -2.240112 
20.817134 -2.317384 
20.914087 -2.409008 
20.837026 -2.520706 
20.725347 -2.606711 
20.482974 -2.647380 
20.482439 -2.648214 
21.095569 -2.720105 
20.724998 -3.027514 
21.101574 -1.225235 
21.052152 -1.264884 
21.203631 -1.342164 
21.117812 -1.417736 
21.304651 -1.428416 
21.344767 -1.432160 
21.270508 -1.478839 
21.373600 -1.496106 
21.195030 -1.520956 
21.307406 -1.531816 
21.200292 -1.542417 
21.286170 -1.580109 
21.556257 -1.597432 
21.556649 -1.597090 
21.238514 -1.606872 
21.169321 -1.636604 
21.594241 -1.662622 
21.280160 -1.660685 
21.412362 -1.679001 
21.294475 -1.677457 
21.280858 -1.692682 
21.418224 -1.709389 
21.699545 -1.744932 
21.669086 -1.831022 
21.761089 -1.882056 
21.506359 -1.929212 
21.444560 -1.950191 
21.354235 -2.043974 
21.191401 -2.062450 
21.529415 -2.069545 
21.151998 -2.072533 
21.151094 -2.073224 
21.151221 -2.073054 
21.290212 -2.152725 
21.740143 -2.250978 
21.340931 -2.269841 
21.622484 -2.307663 
21.632377 -2.370277 
21.700653 -2.384662 
21.165768 -2.418369 
21.798751 -2.517141 
21.840911 -2.596790 
21.805021 -2.661465 
21.647758 -2.796619 
21.457039 -3.020362 
21.257657 -3.087848 
21.272404 -3.156824 
21.309062 -3.224590 
21.302620 -3.247923 
21.960142 -1.959115 
22.213789 -2.170380 
21.810564 -2.202794 
21.868224 -2.235065 
21.892258 -2.381512 
22.259612 -2.410579 
22.259964 -2.410717 
21.930380 -2.564749 
23.123109 -2.141833 
22.680407 -2.295709 
22.880612 -2.388307 
22.643769 -2.416245 
23.187526 -2.505366 
23.244135 -2.607559 
23.136623 -2.701593 
23.364328 -1.973220 
23.298073 -2.216480 
23.795429 -2.421302 
23.526287 -2.476316 
23.690668 -2.742933 
24.418932 -1.739571 
24.474835 -1.796484 
24.502205 -2.585275 
24.094980 -2.838928 
24.983273 -2.551415 
24.981505 -2.563429 
26.033910 -1.848178 
26.038665 -2.058082 
25.615122 -2.501004 
25.701172 -2.627895 
26.601861 -1.941910 
26.523101 -2.229055 
26.103511 -2.325314 
26.706007 -2.389474 
26.434992 -2.421463 
26.237507 -2.598329 
26.391547 -2.973658 
26.273769 -3.002749 
26.793543 -1.603643 
27.205786 -2.139540 
27.337382 -2.152974 
27.225445 -2.304865 
27.295617 -2.392969 
27.223710 -2.406496 
27.179719 -2.872336 
27.476862 -2.896134 
27.215942 -2.939555 
27.214534 -2.994648 
27.211017 -2.996611 
28.028214 -2.318570 
27.630409 -2.382869 
27.761386 -2.567677 
28.551990 -2.502153 
28.787189 -2.528590 
28.957746 -2.568990 
28.717101 -2.578254 
28.950522 -2.619285 
28.701186 -2.700354 
29.333400 -1.609334 
29.644971 -1.793481 
29.362815 -1.883521 
29.284640 -1.897449 
29.393890 -1.959265 
29.122593 -2.220373 
29.348316 -2.252861 
29.327353 -2.276823 
29.381353 -2.279743 
29.214567 -2.443999 
29.212380 -2.444543 
29.356819 -2.487079 
29.322190 -2.584224 
29.586189 -2.717648 
29.068395 -2.719758 
29.454807 -2.828920 
29.382536 -2.915912 
29.589462 -2.953027 
29.602974 -3.035243 
29.323309 -3.098690 
29.194035 -3.131521 
29.530816 -3.271615 
29.802052 -1.668341 
29.945014 -1.687402 
29.889080 -1.773876 
29.733943 -1.825589 
29.746599 -1.887905 
30.298537 -2.078384 
30.138081 -2.254662 
30.312294 -2.628746 
29.979939 -2.788123 
29.980384 -2.787364 
29.935669 -2.834475 
29.979800 -2.844286 
29.913499 -2.855709 
29.986985 -3.029936 
29.765722 -3.148511 
29.768054 -3.149100 
29.837128 -3.292483 
30.521353 -2.119555 
30.667486 -2.240887 
30.597886 -2.281434 
30.698226 -2.398303 
31.495640 -2.181164 
31.603922 -2.222500 
31.406068 -2.339075 
31.209778 -2.420345 
31.778233 -2.614019 
32.394634 -1.362516 
31.964301 -1.688845 
32.268085 -2.164912 
32.032966 -2.490331 
32.440380 -2.560163 
32.511984 -2.638524 
32.339255 -2.882206 
32.531381 -2.922761 
32.149835 -3.128373 
32.238093 -3.268316 
32.543855 -1.407761 
33.044138 -2.046672 
32.972012 -2.053483 
32.545514 -2.147564 
33.168728 -2.158916 
32.855698 -2.222539 
32.856062 -2.222954 
33.068319 -2.463153 
33.180903 -2.491403 
33.002653 -2.765444 
32.895413 -2.811187 
33.061164 -2.869276 
32.631799 -2.876380 
32.769323 -2.983881 
33.466514 -2.372818 
34.308371 -1.974802 
34.127894 -2.107951 
34.268009 -2.155544 
34.472677 -2.180565 
34.478093 -2.877648 
34.446053 -2.879127 
34.878784 -1.756944 
34.934563 -1.993340 
35.095366 -2.148783 
35.179927 -2.321520 
34.752512 -2.622740 
35.028853 -3.160042 
35.120653 -3.399110 
35.632165 -1.750261 
35.753989 -1.826826 
35.511290 -2.650696 
37.233262 -1.987386 
37.496793 -2.249488 
37.249116 -2.366901 
37.077479 -2.384455 
37.201435 -2.435831 
37.391437 -2.524437 
37.516329 -2.619875 
36.935586 -2.665589 
37.153812 -2.666454 
37.161017 -2.663992 
37.548106 -2.908887 
38.116627 -1.532234 
38.143848 -1.605406 
37.619212 -1.656791 
37.691072 -1.767947 
38.216030 -1.881780 
37.569077 -1.960146 
38.233829 -2.538045 
37.976691 -2.790219 
37.675557 -2.912505 
37.675089 -2.911795 
37.678027 -2.912174 
37.675132 -2.913319 
37.666882 -2.949894 
38.086073 -2.944051 
38.111830 -3.423244 
38.111762 -3.423034 
38.648414 -1.912378 
38.464240 -2.111438 
38.435220 -2.396177 
39.006191 -2.447032 
39.838291 -2.496503 
39.947541 -2.556916 
39.887634 -2.645405 
40.105359 -2.722135 
40.099524 -2.720106 
40.098847 -2.719817 
40.103966 -2.722515 
40.098801 -2.722446 
40.371365 -2.762677 
40.413612 -3.173225 
40.414105 -3.173587 
40.476370 -1.611179 
41.022064 -1.703766 
40.764738 -2.798456 
40.553591 -2.881592 
40.847728 -2.940124 
40.536709 -3.034171 
40.634651 -3.066329 
40.506464 -3.093682 
40.792690 -3.150175 
41.770920 -2.185736 
41.567463 -2.365941 
41.388285 -2.735514 
41.268663 -2.785567 
41.394920 -2.860546 
42.114031 -2.350694 
42.026564 -2.504816 
42.305573 -2.357843 
43.021313 -1.829792 
43.063526 -1.862562 
43.145724 -2.044227 
42.942413 -2.378894 
43.532843 -1.269903 
43.686265 -1.324700 
43.520646 -1.338253 
43.501865 -1.469625 
43.325483 -1.496300 
43.232090 -1.512207 
43.441461 -1.547014 
43.645663 -1.564060 
43.697848 -1.581203 
43.226654 -1.674942 
43.238608 -1.718629 
43.943913 -1.812498 
43.658345 -1.901336 
43.843349 -1.981834 
43.367347 -2.039109 
43.339914 -2.044050 
43.892012 -2.266327 
43.796704 -2.272750 
43.685545 -2.506408 
43.934632 -2.538146 
43.646555 -3.498275 
44.037409 -1.782861 
44.516615 -2.208214 
44.515930 -2.208762 
44.310853 -2.293650 
44.443976 -2.331020 
43.959932 -2.338570 
44.666968 -2.554976 
44.268512 -2.680373 
44.344798 -2.862959 
45.107041 -2.370964 
317.580618 -2.353657 
318.901051 -1.893983 
318.848154 -1.984007 
318.988703 -1.906655 
319.513246 -2.129897 
319.201089 -2.183535 
319.845034 -1.755554 
319.688733 -2.122504 
320.287682 -2.279988 
321.455069 -1.917072 
321.455163 -1.923443 
321.450881 -1.924393 
321.417784 -2.176779 
321.171801 -2.325173 
321.171392 -2.325144 
321.407586 -2.399381 
321.976834 -1.406217 
322.199315 -1.466058 
322.179820 -1.546105 
322.266552 -1.556442 
322.352558 -1.564638 
